Element,A,Z,N,Am
n,1,0,1,1.0086649159
H,1,1,0,1.007825031898
H,2,1,1,2.014101777844
H,3,1,2,3.01604928132
He,3,2,1,3.01602932197
Li,3,3,0,3.030775
H,4,1,3,4.026431867
He,4,2,2,4.00260325413
Li,4,3,1,4.027185561
H,5,1,4,5.035311492
He,5,2,3,5.012057224
Li,5,3,2,5.0125378
Be,5,4,1,5.03987
H,6,1,5,6.044955437
He,6,2,4,6.018885889
Li,6,3,3,6.01512288742
Be,6,4,2,6.019726409
B,6,5,1,6.0508
H,7,1,6,7.052749
He,7,2,5,7.027990652
Li,7,3,4,7.01600343426
Be,7,4,3,7.016928714
B,7,5,2,7.029712
He,8,2,6,8.033934388
Li,8,3,5,8.022486244
Be,8,4,4,8.005305102
B,8,5,3,8.024607315
C,8,6,2,8.037643039
He,9,2,7,9.043946414
Li,9,3,6,9.026790191
Be,9,4,5,9.012183062
B,9,5,4,9.013329645
C,9,6,3,9.031037202
He,10,2,8,10.052815306
Li,10,3,7,10.035483453
Be,10,4,6,10.013534692
B,10,5,5,10.012936862
C,10,6,4,10.016853217
N,10,7,3,10.04165354
Li,11,3,8,11.043723581
Be,11,4,7,11.02166108
B,11,5,6,11.009305166
C,11,6,5,11.011432597
N,11,7,4,11.026157593
O,11,8,3,11.051249828
Li,12,3,9,12.052613942
Be,12,4,8,12.026922082
B,12,5,7,12.014352638
C,12,6,6,12.0
N,12,7,5,12.01861318
O,12,8,4,12.034367726
Li,13,3,10,13.061171503
Be,13,4,9,13.036134506
B,13,5,8,13.017779981
C,13,6,7,13.00335483534
N,13,7,6,13.005738609
O,13,8,5,13.024815435
F,13,9,4,13.045121
Be,14,4,10,14.04289292
B,14,5,9,14.02540401
C,14,6,8,14.00324198862
N,14,7,7,14.00307400425
O,14,8,6,14.008596706
F,14,9,5,14.034315196
Be,15,4,11,15.053490215
B,15,5,10,15.031087023
C,15,6,9,15.010599256
N,15,7,8,15.00010889827
O,15,8,7,15.003065636
F,15,9,6,15.017785139
Ne,15,10,5,15.043172977
Be,16,4,12,16.061672036
B,16,5,11,16.039841045
C,16,6,10,16.014701255
N,16,7,9,16.006101925
O,16,8,8,15.99491461926
F,16,9,7,16.011460278
Ne,16,10,6,16.02575086
B,17,5,12,17.046931399
C,17,6,11,17.02257865
N,17,7,10,17.008448876
O,17,8,9,16.99913175595
F,17,9,8,17.002095237
Ne,17,10,7,17.017713962
Na,17,11,6,17.037273
B,18,5,13,18.055601683
C,18,6,12,18.02675193
N,18,7,11,18.014077563
O,18,8,10,17.99915961214
F,18,9,9,18.000937324
Ne,18,10,8,18.005708696
Na,18,11,7,18.026879388
B,19,5,14,19.064166
C,19,6,13,19.034797594
N,19,7,12,19.017022389
O,19,8,11,19.003577969
F,19,9,10,18.99840316207
Ne,19,10,9,19.001880906
Na,19,11,8,19.013880264
Mg,19,12,7,19.03417992
B,20,5,15,20.074505644
C,20,6,14,20.040261732
N,20,7,13,20.023367295
O,20,8,12,20.004075357
F,20,9,11,19.999981252
Ne,20,10,10,19.99244017525
Na,20,11,9,20.007354301
Mg,20,12,8,20.018763075
B,21,5,16,21.084147485
C,21,6,15,21.049
N,21,7,14,21.027087573
O,21,8,13,21.008654948
F,21,9,12,20.999948893
Ne,21,10,11,20.993846685
Na,21,11,10,20.997654459
Mg,21,12,9,21.011705764
Al,21,13,8,21.029082
C,22,6,16,22.05755399
N,22,7,15,22.034100918
O,22,8,14,22.009965744
F,22,9,13,22.002998812
Ne,22,10,12,21.991385113
Na,22,11,11,21.994437547
Mg,22,12,10,21.999570597
Al,22,13,9,22.01954
Si,22,14,8,22.036114
C,23,6,17,23.06889
N,23,7,16,23.039421
O,23,8,15,23.015696686
F,23,9,14,23.003526875
Ne,23,10,13,22.994466905
Na,23,11,12,22.98976928195
Mg,23,12,11,22.994123768
Al,23,13,10,23.007244351
Si,23,14,9,23.025711
N,24,7,17,24.05039
O,24,8,16,24.019861
F,24,9,15,24.00809937
Ne,24,10,14,23.993610649
Na,24,11,13,23.990963012
Mg,24,12,12,23.985041689
Al,24,13,11,23.999947598
Si,24,14,10,24.01153543
P,24,15,9,24.036522
N,25,7,18,25.0601
O,25,8,17,25.029338919
F,25,9,16,25.012167727
Ne,25,10,15,24.997814797
Na,25,11,14,24.989953974
Mg,25,12,13,24.985836966
Al,25,13,12,24.990428308
Si,25,14,11,25.004108798
P,25,15,10,25.021675
O,26,8,18,26.037210155
F,26,9,17,26.020048065
Ne,26,10,16,26.000516496
Na,26,11,15,25.992634649
Mg,26,12,14,25.982592972
Al,26,13,13,25.986891876
Si,26,14,12,25.992333818
P,26,15,11,26.01178
S,26,16,10,26.029716
O,27,8,19,27.047955
F,27,9,18,27.026981897
Ne,27,10,17,27.007569462
Na,27,11,16,26.994076408
Mg,27,12,15,26.984340647
Al,27,13,14,26.981538408
Si,27,14,13,26.986704687
P,27,15,12,26.999292499
S,27,16,11,27.018777
O,28,8,20,28.05591
F,28,9,19,28.035860448
Ne,28,10,18,28.012130767
Na,28,11,17,27.998939
Mg,28,12,16,27.983875426
Al,28,13,15,27.981910009
Si,28,14,14,27.97692653442
P,28,15,13,27.99232646
S,28,16,12,28.004372762
Cl,28,17,11,28.030349
F,29,9,20,29.043103
Ne,29,10,19,29.019753
Na,29,11,18,29.002877091
Mg,29,12,17,28.988607163
Al,29,13,16,28.980453164
Si,29,14,15,28.97649466434
P,29,15,14,28.981800368
S,29,16,13,28.996678
Cl,29,17,12,29.015053
Ar,29,18,11,29.040761
F,30,9,21,30.052561
Ne,30,10,20,30.024992235
Na,30,11,19,30.009097931
Mg,30,12,18,29.990465454
Al,30,13,17,29.982969171
Si,30,14,16,29.973770137
P,30,15,15,29.97831349
S,30,16,14,29.98490677
Cl,30,17,13,30.005018333
Ar,30,18,12,30.023694
F,31,9,22,31.061023
Ne,31,10,21,31.033474816
Na,31,11,20,31.013146654
Mg,31,12,19,30.996648232
Al,31,13,18,30.983949754
Si,31,14,17,30.975363196
P,31,15,16,30.97376199768
S,31,16,15,30.979557002
Cl,31,17,14,30.992448097
Ar,31,18,13,31.012158
K,31,19,12,31.03678
Ne,32,10,22,32.03972
Na,32,11,21,32.020011024
Mg,32,12,20,31.999110138
Al,32,13,19,31.988084338
Si,32,14,18,31.974151538
P,32,15,17,31.973907643
S,32,16,16,31.97207117354
Cl,32,17,15,31.985684605
Ar,32,18,14,31.997637824
K,32,19,13,32.023607
Ne,33,10,23,33.049523
Na,33,11,22,33.025529
Mg,33,12,21,33.005327862
Al,33,13,20,32.990877685
Si,33,14,19,32.977976964
P,33,15,18,32.971725692
S,33,16,17,32.97145890862
Cl,33,17,16,32.977451988
Ar,33,18,15,32.989925545
K,33,19,14,33.008095
Ca,33,20,13,33.033312
Ne,34,10,24,34.056728
Na,34,11,23,34.03401
Mg,34,12,22,34.008935455
Al,34,13,21,33.996781924
Si,34,14,20,33.978538045
P,34,15,19,33.973645886
S,34,16,18,33.967867011
Cl,34,17,17,33.97376249
Ar,34,18,16,33.980270092
K,34,19,15,33.99869
Ca,34,20,14,34.015985
Na,35,11,24,35.040614
Mg,35,12,23,35.01679
Al,35,13,22,34.999759816
Si,35,14,21,34.984550111
P,35,15,20,34.973314045
S,35,16,19,34.969032321
Cl,35,17,18,34.968852694
Ar,35,18,17,34.975257719
K,35,19,16,34.988005406
Ca,35,20,15,35.005572
Sc,35,21,14,35.029093
Na,36,11,25,36.049279
Mg,36,12,24,36.021879
Al,36,13,23,36.006388
Si,36,14,22,35.986649271
P,36,15,21,35.97825961
S,36,16,20,35.967080692
Cl,36,17,19,35.968306822
Ar,36,18,18,35.967545106
K,36,19,17,35.981301887
Ca,36,20,16,35.993074388
Sc,36,21,15,36.017338
Na,37,11,26,37.057042
Mg,37,12,25,37.030286265
Al,37,13,24,37.010531
Si,37,14,23,36.992945191
P,37,15,22,36.979606942
S,37,16,21,36.9711255
Cl,37,17,20,36.965902573
Ar,37,18,19,36.966776301
K,37,19,18,36.97337589
Ca,37,20,17,36.985897849
Sc,37,21,16,37.004058
Ti,37,22,15,37.027021
Na,38,11,27,38.066458
Mg,38,12,26,38.03658
Al,38,13,25,38.017681
Si,38,14,24,37.995523
P,38,15,23,37.984303105
S,38,16,22,37.9711633
Cl,38,17,21,37.968010408
Ar,38,18,20,37.962732102
K,38,19,19,37.969081114
Ca,38,20,18,37.976319223
Sc,38,21,17,37.995438
Ti,38,22,16,38.012206
Na,39,11,28,39.075123
Mg,39,12,27,39.045921
Al,39,13,26,39.02307
Si,39,14,25,39.002491
P,39,15,24,38.986285865
S,39,16,23,38.97513385
Cl,39,17,22,38.968008151
Ar,39,18,21,38.964313037
K,39,19,20,38.96370648482
Ca,39,20,19,38.970710811
Sc,39,21,18,38.984784953
Ti,39,22,17,39.002684
V,39,23,16,39.02423
Mg,40,12,28,40.053194
Al,40,13,27,40.03094
Si,40,14,26,40.006083641
P,40,15,25,39.991262221
S,40,16,24,39.975482561
Cl,40,17,23,39.970415466
Ar,40,18,22,39.96238312204
K,40,19,21,39.963998165
Ca,40,20,20,39.96259085
Sc,40,21,19,39.977967275
Ti,40,22,18,39.990345146
V,40,23,17,40.013387
Mg,41,12,29,41.062373
Al,41,13,28,41.037134
Si,41,14,27,41.014171
P,41,15,26,40.994654
S,41,16,25,40.979593451
Cl,41,17,24,40.970684525
Ar,41,18,23,40.96450057
K,41,19,22,40.96182525611
Ca,41,20,21,40.962277905
Sc,41,21,20,40.969251163
Ti,41,22,19,40.983148
V,41,23,18,41.000333
Cr,41,24,17,41.021911
Al,42,13,29,42.045078
Si,42,14,28,42.018078
P,42,15,27,42.00117214
S,42,16,26,41.9810651
Cl,42,17,25,41.973342
Ar,42,18,24,41.963045737
K,42,19,23,41.962402305
Ca,42,20,22,41.95861778
Sc,42,21,21,41.965516686
Ti,42,22,20,41.973049369
V,42,23,19,41.99182
Cr,42,24,18,42.007579
Al,43,13,30,43.05182
Si,43,14,29,43.026119
P,43,15,28,43.005411
S,43,16,27,42.986907635
Cl,43,17,26,42.9740637
Ar,43,18,25,42.965636056
K,43,19,24,42.960734701
Ca,43,20,23,42.958766381
Sc,43,21,22,42.961150425
Ti,43,22,21,42.96852842
V,43,23,20,42.980766
Cr,43,24,19,42.997885
Mn,43,25,18,43.018647
Si,44,14,30,44.031466
P,44,15,29,44.011927
S,44,16,28,43.990118846
Cl,44,17,27,43.978014918
Ar,44,18,26,43.964923814
K,44,19,25,43.961586984
Ca,44,20,24,43.955481489
Sc,44,21,23,43.959402818
Ti,44,22,22,43.959689936
V,44,23,21,43.974440977
Cr,44,24,20,43.985591
Mn,44,25,19,44.008009
Si,45,14,31,45.039818
P,45,15,30,45.017134
S,45,16,29,44.996414
Cl,45,17,28,44.980394353
Ar,45,18,27,44.968039731
K,45,19,26,44.960691491
Ca,45,20,25,44.95618627
Sc,45,21,24,44.955907051
Ti,45,22,23,44.958120758
V,45,23,22,44.965768498
Cr,45,24,21,44.97905
Mn,45,25,20,44.994654
Fe,45,26,19,45.015467
P,46,15,31,46.02452
S,46,16,30,46.000687
Cl,46,17,29,45.985254926
Ar,46,18,28,45.968039244
K,46,19,27,45.961981584
Ca,46,20,26,45.953687726
Sc,46,21,25,45.955167034
Ti,46,22,24,45.952626356
V,46,23,23,45.960197389
Cr,46,24,22,45.968360969
Mn,46,25,21,45.986669
Fe,46,26,20,46.001299
P,47,15,32,47.030929
S,47,16,31,47.00773
Cl,47,17,30,46.989715
Ar,47,18,29,46.972767112
K,47,19,28,46.961661612
Ca,47,20,27,46.954541134
Sc,47,21,26,46.952402444
Ti,47,22,25,46.951757491
V,47,23,24,46.954903558
Cr,47,24,23,46.962894995
Mn,47,25,22,46.975774
Fe,47,26,21,46.992346
Co,47,27,20,47.011401
S,48,16,32,48.013301
Cl,48,17,31,47.995405
Ar,48,18,30,47.976001
K,48,19,29,47.965341184
Ca,48,20,28,47.952522654
Sc,48,21,27,47.952222903
Ti,48,22,26,47.947940677
V,48,23,25,47.9522509
Cr,48,24,24,47.954029431
Mn,48,25,23,47.96854876
Fe,48,26,22,47.980667
Co,48,27,21,48.001857
Ni,48,28,20,48.019515
S,49,16,33,49.021891
Cl,49,17,32,49.000794
Ar,49,18,31,48.981685
K,49,19,30,48.968210753
Ca,49,20,29,48.955662625
Sc,49,21,28,48.950013159
Ti,49,22,27,48.947864391
V,49,23,26,48.948510509
Cr,49,24,25,48.95133372
Mn,49,25,24,48.95961335
Fe,49,26,23,48.973429
Co,49,27,22,48.989501
Ni,49,28,21,49.009157
Cl,50,17,33,50.008266
Ar,50,18,32,49.985797
K,50,19,31,49.972380015
Ca,50,20,30,49.957499215
Sc,50,21,29,49.952187437
Ti,50,22,28,49.944785622
V,50,23,27,49.947156681
Cr,50,24,26,49.946042209
Mn,50,25,25,49.954238157
Fe,50,26,24,49.962988
Co,50,27,23,49.981117
Ni,50,28,22,49.996286
Cl,51,17,34,51.015341
Ar,51,18,33,50.993033
K,51,19,32,50.975828664
Ca,51,20,31,50.960995663
Sc,51,21,30,50.953568838
Ti,51,22,29,50.946609468
V,51,23,28,50.943957664
Cr,51,24,27,50.944765388
Mn,51,25,26,50.94820877
Fe,51,26,25,50.956855137
Co,51,27,24,50.970647
Ni,51,28,23,50.987493
Cl,52,17,35,52.024004
Ar,52,18,34,51.998519
K,52,19,33,51.981602
Ca,52,20,32,51.963213646
Sc,52,21,31,51.95649617
Ti,52,22,30,51.946883509
V,52,23,29,51.944773636
Cr,52,24,28,51.940504714
Mn,52,25,27,51.94555909
Fe,52,26,26,51.948113364
Co,52,27,25,51.963130224
Ni,52,28,24,51.975781
Cu,52,29,23,51.997982
Ar,53,18,35,53.00729
K,53,19,34,52.9868
Ca,53,20,33,52.968451
Sc,53,21,32,52.958379173
Ti,53,22,31,52.949670714
V,53,23,30,52.94433494
Cr,53,24,29,52.940646304
Mn,53,25,28,52.941287497
Fe,53,26,27,52.945305629
Co,53,27,26,52.954203278
Ni,53,28,25,52.96819
Cu,53,29,24,52.985894
Ar,54,18,36,54.013484
K,54,19,35,53.994471
Ca,54,20,34,53.972989
Sc,54,21,33,53.963029359
Ti,54,22,32,53.950892
V,54,23,31,53.946432009
Cr,54,24,30,53.938877359
Mn,54,25,29,53.940355772
Fe,54,26,28,53.939608189
Co,54,27,27,53.948459075
Ni,54,28,26,53.957833
Cu,54,29,25,53.977198
Zn,54,30,24,53.993879
K,55,19,36,55.000505
Ca,55,20,35,54.979978
Sc,55,21,34,54.966889637
Ti,55,22,33,54.955091
V,55,23,32,54.947262
Cr,55,24,31,54.940836637
Mn,55,25,30,54.93804304
Fe,55,26,29,54.938291158
Co,55,27,28,54.941996416
Ni,55,28,27,54.951329846
Cu,55,29,26,54.966038
Zn,55,30,25,54.984681
K,56,19,37,56.008567
Ca,56,20,36,55.985496
Sc,56,21,35,55.972607611
Ti,56,22,34,55.957677675
V,56,23,33,55.950420082
Cr,56,24,32,55.940648977
Mn,56,25,31,55.938902816
Fe,56,26,30,55.934935537
Co,56,27,29,55.939838032
Ni,56,28,28,55.942127761
Cu,56,29,27,55.958529278
Zn,56,30,26,55.972743
Ga,56,31,25,55.995878
K,57,19,38,57.015169
Ca,57,20,37,56.992958
Sc,57,21,36,56.977048
Ti,57,22,35,56.963068098
V,57,23,34,56.952297
Cr,57,24,33,56.943612112
Mn,57,25,32,56.938285944
Fe,57,26,31,56.93539195
Co,57,27,30,56.936289819
Ni,57,28,29,56.939791394
Cu,57,29,28,56.949211686
Zn,57,30,27,56.965056
Ga,57,31,26,56.983457
K,58,19,39,58.023543
Ca,58,20,38,57.998357
Sc,58,21,37,57.983382
Ti,58,22,36,57.966808519
V,58,23,35,57.956595985
Cr,58,24,34,57.944184501
Mn,58,25,33,57.940066643
Fe,58,26,32,57.933273575
Co,58,27,31,57.935751292
Ni,58,28,30,57.93534165
Cu,58,29,29,57.944532283
Zn,58,30,28,57.954590296
Ga,58,31,27,57.974729
Ge,58,32,26,57.991863
K,59,19,40,59.030864
Ca,59,20,39,59.006237
Sc,59,21,38,58.988374
Ti,59,22,37,58.972217
V,59,23,36,58.959623343
Cr,59,24,35,58.948345426
Mn,59,25,34,58.940391111
Fe,59,26,33,58.934873492
Co,59,27,32,58.933193524
Ni,59,28,31,58.934345442
Cu,59,29,30,58.939496713
Zn,59,30,29,58.949311886
Ga,59,31,28,58.963757
Ge,59,32,27,58.982426
Ca,60,20,40,60.011809
Sc,60,21,39,59.995115
Ti,60,22,38,59.976275
V,60,23,37,59.964479215
Cr,60,24,36,59.949641656
Mn,60,25,35,59.943136574
Fe,60,26,34,59.934070249
Co,60,27,33,59.933815536
Ni,60,28,32,59.930785129
Cu,60,29,31,59.937363787
Zn,60,30,30,59.941841317
Ga,60,31,29,59.957498
Ge,60,32,28,59.970445
As,60,33,27,59.993945
Ca,61,20,41,61.020408
Sc,61,21,40,61.000537
Ti,61,22,39,60.982426
V,61,23,38,60.967603529
Cr,61,24,37,60.95437813
Mn,61,25,36,60.944452541
Fe,61,26,35,60.936746241
Co,61,27,34,60.932476031
Ni,61,28,33,60.931054819
Cu,61,29,32,60.933457375
Zn,61,30,31,60.939506964
Ga,61,31,30,60.949398861
Ge,61,32,29,60.963725
As,61,33,28,60.981535
Sc,62,21,41,62.007848
Ti,62,22,40,61.986903
V,62,23,39,61.972932556
Cr,62,24,38,61.95614292
Mn,62,25,37,61.947907384
Fe,62,26,36,61.936791809
Co,62,27,35,61.934058198
Ni,62,28,34,61.928344753
Cu,62,29,33,61.932594803
Zn,62,30,32,61.934333359
Ga,62,31,31,61.944189639
Ge,62,32,30,61.954761
As,62,33,29,61.973784
Sc,63,21,42,63.014031
Ti,63,22,41,62.993709
V,63,23,40,62.976661
Cr,63,24,39,62.961161
Mn,63,25,38,62.949664672
Fe,63,26,37,62.940272698
Co,63,27,36,62.93359963
Ni,63,28,35,62.929669021
Cu,63,29,34,62.929597119
Zn,63,30,33,62.93321114
Ga,63,31,32,62.939294194
Ge,63,32,31,62.949628
As,63,33,30,62.964036
Se,63,34,29,62.981911
Ti,64,22,42,63.998411
V,64,23,41,63.98248
Cr,64,24,40,63.963886
Mn,64,25,39,63.953849369
Fe,64,26,38,63.940987761
Co,64,27,37,63.935810176
Ni,64,28,36,63.927966228
Cu,64,29,35,63.929764001
Zn,64,30,34,63.929141776
Ga,64,31,33,63.936840366
Ge,64,32,32,63.941689912
As,64,33,31,63.95756
Se,64,34,30,63.971165
Ti,65,22,43,65.005593
V,65,23,42,64.986999
Cr,65,24,41,64.969608
Mn,65,25,40,64.956019749
Fe,65,26,39,64.945015323
Co,65,27,38,64.936462071
Ni,65,28,37,64.930084585
Cu,65,29,36,64.927789476
Zn,65,30,35,64.929240534
Ga,65,31,34,64.932734424
Ge,65,32,33,64.939368136
As,65,33,32,64.949611
Se,65,34,31,64.964552
Br,65,35,30,64.982297
V,66,23,43,65.993237
Cr,66,24,42,65.973011
Mn,66,25,41,65.960546833
Fe,66,26,40,65.946249958
Co,66,27,39,65.939442943
Ni,66,28,38,65.929139333
Cu,66,29,37,65.928868804
Zn,66,30,36,65.926033639
Ga,66,31,35,65.931589766
Ge,66,32,34,65.933862124
As,66,33,33,65.944148778
Se,66,34,32,65.955276
Br,66,35,31,65.974697
V,67,23,44,66.998128
Cr,67,24,43,66.979313
Mn,67,25,42,66.96395
Fe,67,26,41,66.95093
Co,67,27,40,66.940609625
Ni,67,28,39,66.931569413
Cu,67,29,38,66.92772949
Zn,67,30,37,66.927127422
Ga,67,31,36,66.928202276
Ge,67,32,35,66.932716999
As,67,33,34,66.93925111
Se,67,34,33,66.949994
Br,67,35,32,66.965078
Kr,67,36,31,66.983305
Cr,68,24,44,67.983156
Mn,68,25,43,67.968953
Fe,68,26,42,67.952875
Co,68,27,41,67.944559401
Ni,68,28,40,67.931868787
Cu,68,29,39,67.929610887
Zn,68,30,38,67.924844232
Ga,68,31,37,67.927980161
Ge,68,32,36,67.928095305
As,68,33,35,67.936774127
Se,68,34,34,67.941825236
Br,68,35,33,67.958356
Kr,68,36,32,67.972489
Cr,69,24,45,68.989662
Mn,69,25,44,68.972775
Fe,69,26,43,68.957918
Co,69,27,42,68.945909
Ni,69,28,41,68.935610267
Cu,69,29,40,68.929429267
Zn,69,30,39,68.92655036
Ga,69,31,38,68.925573528
Ge,69,32,37,68.927964467
As,69,33,36,68.932246289
Se,69,34,35,68.939414845
Br,69,35,34,68.95033841
Kr,69,36,33,68.965496
Cr,70,24,46,69.993945
Mn,70,25,45,69.978046
Fe,70,26,44,69.960397
Co,70,27,43,69.9500534
Ni,70,28,42,69.9364313
Cu,70,29,41,69.932392078
Zn,70,30,40,69.925319175
Ga,70,31,39,69.926021914
Ge,70,32,38,69.924248542
As,70,33,37,69.930934642
Se,70,34,36,69.933515521
Br,70,35,35,69.944792321
Kr,70,36,34,69.955877
Mn,71,25,46,70.982158
Fe,71,26,45,70.965722
Co,71,27,44,70.952366923
Ni,71,28,43,70.940518962
Cu,71,29,42,70.932676831
Zn,71,30,41,70.927719578
Ga,71,31,40,70.924702554
Ge,71,32,39,70.92495212
As,71,33,38,70.927113594
Se,71,34,37,70.932209431
Br,71,35,36,70.939342153
Kr,71,36,35,70.950265695
Rb,71,37,34,70.965335
Mn,72,25,47,71.988009
Fe,72,26,46,71.968599
Co,72,27,45,71.956736
Ni,72,28,44,71.941785924
Cu,72,29,43,71.935820306
Zn,72,30,42,71.926842806
Ga,72,31,41,71.926367452
Ge,72,32,40,71.922075824
As,72,33,39,71.926752291
Se,72,34,38,71.927140506
Br,72,35,37,71.936594606
Kr,72,36,36,71.942092406
Rb,72,37,35,71.958851
Mn,73,25,48,72.992807
Fe,73,26,47,72.974246
Co,73,27,46,72.959238
Ni,73,28,45,72.946206681
Cu,73,29,44,72.936674376
Zn,73,30,43,72.92958258
Ga,73,31,42,72.92517468
Ge,73,32,41,72.923458954
As,73,33,40,72.923829086
Se,73,34,39,72.926754881
Br,73,35,38,72.931673441
Kr,73,36,37,72.939289193
Rb,73,37,36,72.950604506
Sr,73,38,35,72.9657
Fe,74,26,48,73.977821
Co,74,27,47,73.963993
Ni,74,28,46,73.947718
Cu,74,29,45,73.93987486
Zn,74,30,44,73.92940726
Ga,74,31,43,73.926945725
Ge,74,32,42,73.92117776
As,74,33,41,73.923928596
Se,74,34,40,73.922475933
Br,74,35,39,73.929910279
Kr,74,36,38,73.933084016
Rb,74,37,37,73.944265867
Sr,74,38,36,73.95617
Fe,75,26,49,74.984219
Co,75,27,48,74.967192
Ni,75,28,47,74.952506
Cu,75,29,46,74.941523817
Zn,75,30,45,74.932840244
Ga,75,31,44,74.926504484
Ge,75,32,43,74.92285837
As,75,33,42,74.921594562
Se,75,34,41,74.92252287
Br,75,35,40,74.925810566
Kr,75,36,39,74.930945744
Rb,75,37,38,74.9385732
Sr,75,38,37,74.949952767
Y,75,39,36,74.96584
Fe,76,26,50,75.988631
Co,76,27,49,75.972453
Ni,76,28,48,75.954707
Cu,76,29,47,75.945268974
Zn,76,30,46,75.933114956
Ga,76,31,45,75.928827624
Ge,76,32,44,75.921402725
As,76,33,43,75.922392011
Se,76,34,42,75.919213702
Br,76,35,41,75.924541574
Kr,76,36,40,75.925910743
Rb,76,37,39,75.935073031
Sr,76,38,38,75.94176276
Y,76,39,37,75.958937
Co,77,27,50,76.976479
Ni,77,28,49,76.959903
Cu,77,29,48,76.947543599
Zn,77,30,47,76.936887197
Ga,77,31,46,76.929154299
Ge,77,32,45,76.923549843
As,77,33,44,76.920647555
Se,77,34,43,76.91991415
Br,77,35,42,76.921379193
Kr,77,36,41,76.924669999
Rb,77,37,40,76.930401599
Sr,77,38,39,76.937945454
Y,77,39,38,76.950146
Zr,77,40,37,76.966076
Co,78,27,51,77.983553
Ni,78,28,50,77.962555
Cu,78,29,49,77.951916524
Zn,78,30,48,77.938289204
Ga,78,31,47,77.931610854
Ge,78,32,46,77.922852911
As,78,33,45,77.921827771
Se,78,34,44,77.917309244
Br,78,35,43,77.921145858
Kr,78,36,42,77.920366341
Rb,78,37,41,77.928141866
Sr,78,38,40,77.932179979
Y,78,39,39,77.94399
Zr,78,40,38,77.956146
Ni,79,28,51,78.969769
Cu,79,29,50,78.9544731
Zn,79,30,49,78.942638067
Ga,79,31,48,78.932851582
Ge,79,32,47,78.925359506
As,79,33,46,78.920948419
Se,79,34,45,78.918499252
Br,79,35,44,78.918337574
Kr,79,36,43,78.920082919
Rb,79,37,42,78.923990095
Sr,79,38,41,78.929704692
Y,79,39,40,78.937946
Zr,79,40,39,78.94979
Nb,79,41,38,78.966022
Ni,80,28,52,79.975051
Cu,80,29,51,79.960623
Zn,80,30,50,79.944552929
Ga,80,31,49,79.936420773
Ge,80,32,48,79.925350773
As,80,33,47,79.92247444
Se,80,34,46,79.916521761
Br,80,35,45,79.918529784
Kr,80,36,44,79.91637794
Rb,80,37,43,79.922516442
Sr,80,38,42,79.924517538
Y,80,39,41,79.93435475
Zr,80,40,40,79.941213
Nb,80,41,39,79.958754
Ni,81,28,53,80.982727
Cu,81,29,52,80.965743
Zn,81,30,51,80.950402617
Ga,81,31,50,80.938133841
Ge,81,32,49,80.928832941
As,81,33,48,80.922132288
Se,81,34,47,80.917993019
Br,81,35,46,80.916288197
Kr,81,36,45,80.916589703
Rb,81,37,44,80.9189939
Sr,81,38,43,80.923211393
Y,81,39,42,80.929454283
Zr,81,40,41,80.938245
Nb,81,41,40,80.95023
Mo,81,42,39,80.966226
Ni,82,28,54,81.988492
Cu,82,29,53,81.972378
Zn,82,30,52,81.954574097
Ga,82,31,51,81.943176531
Ge,82,32,50,81.929774031
As,82,33,49,81.924738731
Se,82,34,48,81.916699531
Br,82,35,47,81.916801752
Kr,82,36,46,81.91348115368
Rb,82,37,45,81.918209023
Sr,82,38,44,81.918399845
Y,82,39,43,81.926930189
Zr,82,40,42,81.931707497
Nb,82,41,41,81.94438
Mo,82,42,40,81.956661
Cu,83,29,54,82.97811
Zn,83,30,53,82.961041
Ga,83,31,52,82.9471203
Ge,83,32,51,82.9345391
As,83,33,50,82.9252069
Se,83,34,49,82.919118604
Br,83,35,48,82.915175285
Kr,83,36,47,82.914126516
Rb,83,37,46,82.915114181
Sr,83,38,45,82.917554372
Y,83,39,44,82.922484026
Zr,83,40,43,82.929240926
Nb,83,41,42,82.93815
Mo,83,42,41,82.950252
Tc,83,43,40,82.966377
Cu,84,29,55,83.985271
Zn,84,30,54,83.965829
Ga,84,31,53,83.952663
Ge,84,32,52,83.93757509
As,84,33,51,83.92930329
Se,84,34,50,83.918466761
Br,84,35,49,83.916496417
Kr,84,36,48,83.91149772708
Rb,84,37,47,83.914375223
Sr,84,38,46,83.913419118
Y,84,39,45,83.92067106
Zr,84,40,44,83.923325663
Nb,84,41,43,83.934305711
Mo,84,42,42,83.941846
Tc,84,43,41,83.959527
Zn,85,30,55,84.973054
Ga,85,31,54,84.957333
Ge,85,32,53,84.942969658
As,85,33,52,84.932163658
Se,85,34,51,84.922260758
Br,85,35,50,84.915645758
Kr,85,36,49,84.91252726
Rb,85,37,48,84.91178973604
Sr,85,38,47,84.912932041
Y,85,39,46,84.916433039
Zr,85,40,45,84.921443199
Nb,85,41,44,84.928845836
Mo,85,42,43,84.938260736
Tc,85,43,42,84.950778
Ru,85,44,41,84.967117
Zn,86,30,56,85.978463
Ga,86,31,55,85.963757
Ge,86,32,54,85.946967
As,86,33,53,85.936701532
Se,86,34,52,85.924311732
Br,86,35,51,85.918805432
Kr,86,36,50,85.91061062468
Rb,86,37,49,85.911167443
Sr,86,38,48,85.90926072473
Y,86,39,47,85.914886095
Zr,86,40,46,85.916296814
Nb,86,41,45,85.925781536
Mo,86,42,44,85.931174092
Tc,86,43,43,85.944637
Ru,86,44,42,85.957305
Ga,87,31,56,86.969007
Ge,87,32,55,86.953204
As,87,33,54,86.940291716
Se,87,34,53,86.928688616
Br,87,35,52,86.920674016
Kr,87,36,51,86.913354759
Rb,87,37,50,86.909180529
Sr,87,38,49,86.90887749454
Y,87,39,48,86.9108761
Zr,87,40,47,86.914817338
Nb,87,41,46,86.920692473
Mo,87,42,45,86.928196198
Tc,87,43,44,86.938067185
Ru,87,44,43,86.950907
Ga,88,31,57,87.975963
Ge,88,32,56,87.957574
As,88,33,55,87.94584
Se,88,34,54,87.93141749
Br,88,35,53,87.92408329
Kr,88,36,52,87.914447879
Rb,88,37,51,87.91131559
Sr,88,38,50,87.905612253
Y,88,39,49,87.909501274
Zr,88,40,48,87.910220715
Nb,88,41,47,87.918226476
Mo,88,42,46,87.921967779
Tc,88,43,45,87.933794211
Ru,88,44,44,87.941664
Rh,88,45,43,87.960429
Ge,89,32,57,88.96453
As,89,33,56,88.950048
Se,89,34,55,88.936669058
Br,89,35,54,88.926704558
Kr,89,36,53,88.917835449
Rb,89,37,52,88.912278136
Sr,89,38,51,88.907450808
Y,89,39,50,88.905838156
Zr,89,40,49,88.908879751
Nb,89,41,48,88.913444696
Mo,89,42,47,88.919468149
Tc,89,43,46,88.927648649
Ru,89,44,45,88.937337849
Rh,89,45,44,88.950992
Ge,90,32,58,89.969436
As,90,33,57,89.955995
Se,90,34,56,89.940096
Br,90,35,55,89.931292848
Kr,90,36,54,89.919527929
Rb,90,37,53,89.914797557
Sr,90,38,52,89.90772787
Y,90,39,51,89.907141749
Zr,90,40,50,89.904698755
Nb,90,41,49,89.911259201
Mo,90,42,48,89.91393127
Tc,90,43,47,89.924073919
Ru,90,44,46,89.930344378
Rh,90,45,45,89.944569
Pd,90,46,44,89.95737
As,91,33,58,90.960816
Se,91,34,57,90.9457
Br,91,35,56,90.934398617
Kr,91,36,55,90.923806309
Rb,91,37,54,90.916537261
Sr,91,38,53,90.910195942
Y,91,39,52,90.907298048
Zr,91,40,51,90.905640205
Nb,91,41,50,90.906990256
Mo,91,42,49,90.91174519
Tc,91,43,48,90.918424972
Ru,91,44,47,90.92674153
Rh,91,45,46,90.937123
Pd,91,46,45,90.950435
As,92,33,59,91.967386
Se,92,34,58,91.94984
Br,92,35,57,91.939631595
Kr,92,36,56,91.926173092
Rb,92,37,55,91.919728477
Sr,92,38,54,91.911038222
Y,92,39,53,91.908945752
Zr,92,40,52,91.905035336
Nb,92,41,51,91.90718858
Mo,92,42,50,91.906807153
Tc,92,43,49,91.915269777
Ru,92,44,48,91.920234373
Rh,92,45,47,91.932367692
Pd,92,46,46,91.941192225
Ag,92,47,45,91.95971
Se,93,34,59,92.956135
Br,93,35,58,92.94322
Kr,93,36,57,92.931147172
Rb,93,37,56,92.922039334
Sr,93,38,55,92.914024314
Y,93,39,54,92.909578434
Zr,93,40,53,92.906470661
Nb,93,41,52,92.90637317
Mo,93,42,51,92.906808772
Tc,93,43,50,92.910245147
Ru,93,44,49,92.917104442
Rh,93,45,48,92.925912778
Pd,93,46,47,92.936680426
Ag,93,47,46,92.950188
Se,94,34,60,93.96049
Br,94,35,59,93.948846
Kr,94,36,58,93.934140452
Rb,94,37,57,93.926394819
Sr,94,38,56,93.915355641
Y,94,39,55,93.911592062
Zr,94,40,54,93.906312523
Nb,94,41,53,93.907279001
Mo,94,42,52,93.905083586
Tc,94,43,51,93.909652319
Ru,94,44,50,93.91134286
Rh,94,45,49,93.92173045
Pd,94,46,48,93.929036286
Ag,94,47,47,93.943744
Cd,94,48,46,93.956586
Se,95,34,61,94.9673
Br,95,35,60,94.952925
Kr,95,36,59,94.939710922
Rb,95,37,58,94.929263849
Sr,95,38,57,94.919358282
Y,95,39,56,94.912819697
Zr,95,40,55,94.908040276
Nb,95,41,54,94.90683111
Mo,95,42,53,94.905837436
Tc,95,43,52,94.907652281
Ru,95,44,51,94.910404415
Rh,95,45,50,94.915897893
Pd,95,46,49,94.924888506
Ag,95,47,48,94.935688
Cd,95,48,47,94.949483
Br,96,35,61,95.95898
Kr,96,36,60,95.943014473
Rb,96,37,59,95.934133398
Sr,96,38,58,95.921719045
Y,96,39,57,95.915909305
Zr,96,40,56,95.908277615
Nb,96,41,55,95.908101586
Mo,96,42,54,95.90467477
Tc,96,43,53,95.907866675
Ru,96,44,52,95.90758891
Rh,96,45,51,95.914451705
Pd,96,46,50,95.918213739
Ag,96,47,49,95.930743903
Cd,96,48,48,95.940341
In,96,49,47,95.959109
Br,97,35,62,96.963499
Kr,97,36,61,96.949088782
Rb,97,37,60,96.937177117
Sr,97,38,59,96.926375621
Y,97,39,58,96.918286702
Zr,97,40,57,96.910963802
Nb,97,41,56,96.908101622
Mo,97,42,55,96.906016903
Tc,97,43,54,96.90636072
Ru,97,44,53,96.907545776
Rh,97,45,52,96.911327872
Pd,97,46,51,96.916471985
Ag,97,47,50,96.9238814
Cd,97,48,49,96.934799343
In,97,49,48,96.949125
Br,98,35,63,97.969887
Kr,98,36,62,97.952635
Rb,98,37,61,97.941632317
Sr,98,38,60,97.928692636
Y,98,39,59,97.922394841
Zr,98,40,58,97.912740448
Nb,98,41,57,97.910332645
Mo,98,42,56,97.905403609
Tc,98,43,55,97.907211206
Ru,98,44,54,97.905286709
Rh,98,45,53,97.910707734
Pd,98,46,52,97.912698335
Ag,98,47,51,97.92155997
Cd,98,48,50,97.927389315
In,98,49,49,97.942129
Kr,99,36,63,98.958776
Rb,99,37,62,98.94511919
Sr,99,38,61,98.932883604
Y,99,39,60,98.924160839
Zr,99,40,59,98.916675081
Nb,99,41,58,98.911609377
Mo,99,42,57,98.907707299
Tc,99,43,56,98.906249681
Ru,99,44,55,98.905930284
Rh,99,45,54,98.908121241
Pd,99,46,53,98.911773073
Ag,99,47,52,98.917645766
Cd,99,48,51,98.924925845
In,99,49,50,98.93411
Sn,99,50,49,98.948495
Kr,100,36,64,99.962995
Rb,100,37,63,99.950331532
Sr,100,38,62,99.93578327
Y,100,39,61,99.927727678
Zr,100,40,60,99.918010499
Nb,100,41,59,99.914340578
Mo,100,42,58,99.907467982
Tc,100,43,57,99.907652715
Ru,100,44,56,99.90421046
Rh,100,45,55,99.908114147
Pd,100,46,54,99.908520438
Ag,100,47,53,99.916115443
Cd,100,48,52,99.920348829
In,100,49,51,99.931101929
Sn,100,50,50,99.938648944
Kr,101,36,65,100.969318
Rb,101,37,64,100.954302
Sr,101,38,63,100.940606264
Y,101,39,62,100.930160817
Zr,101,40,61,100.921458454
Nb,101,41,60,100.915306508
Mo,101,42,59,100.910337648
Tc,101,43,58,100.907305271
Ru,101,44,57,100.905573086
Rh,101,45,56,100.906158903
Pd,101,46,55,100.908284824
Ag,101,47,54,100.912683951
Cd,101,48,53,100.918586209
In,101,49,52,100.926414025
Sn,101,50,51,100.935259252
Rb,102,37,65,101.960008
Sr,102,38,64,101.944004679
Y,102,39,63,101.934328471
Zr,102,40,62,101.923154181
Nb,102,41,61,101.918090447
Mo,102,42,60,101.910293725
Tc,102,43,59,101.909207239
Ru,102,44,58,101.904340312
Rh,102,45,57,101.906834282
Pd,102,46,56,101.905632292
Ag,102,47,55,101.911704538
Cd,102,48,54,101.914481797
In,102,49,53,101.924105911
Sn,102,50,52,101.930289525
Sb,102,51,51,101.945142
Rb,103,37,66,102.964401
Sr,103,38,65,102.949243
Y,103,39,64,102.937243796
Zr,103,40,63,102.927204054
Nb,103,41,62,102.919453416
Mo,103,42,61,102.913091954
Tc,103,43,60,102.90917396
Ru,103,44,59,102.906314846
Rh,103,45,58,102.905494081
Pd,103,46,57,102.906111074
Ag,103,47,56,102.908960558
Cd,103,48,55,102.913416922
In,103,49,54,102.91987883
Sn,103,50,53,102.927973
Sb,103,51,52,102.939162
Rb,104,37,67,103.970531
Sr,104,38,66,103.953022
Y,104,39,65,103.941943
Zr,104,40,64,103.929449193
Nb,104,41,63,103.922907728
Mo,104,42,62,103.913747443
Tc,104,43,61,103.911433718
Ru,104,44,60,103.905425312
Rh,104,45,59,103.906645309
Pd,104,46,58,103.904030393
Ag,104,47,57,103.908623715
Cd,104,48,56,103.909856228
In,104,49,55,103.918214538
Sn,104,50,54,103.923105195
Sb,104,51,53,103.936344
Te,104,52,52,103.946723408
Sr,105,38,67,104.959001
Y,105,39,66,104.945711
Zr,105,40,65,104.934021832
Nb,105,41,64,104.924942577
Mo,105,42,63,104.916981989
Tc,105,43,62,104.911662024
Ru,105,44,61,104.907745478
Rh,105,45,60,104.905687787
Pd,105,46,59,104.905079479
Ag,105,47,58,104.906525604
Cd,105,48,57,104.909463893
In,105,49,56,104.914502322
Sn,105,50,55,104.921268421
Sb,105,51,54,104.931276547
Te,105,52,53,104.943304516
Sr,106,38,68,105.963177
Y,106,39,67,105.950842
Zr,106,40,66,105.93693
Nb,106,41,65,105.928928505
Mo,106,42,64,105.918273231
Tc,106,43,63,105.914356674
Ru,106,44,62,105.907328181
Rh,106,45,61,105.907285879
Pd,106,46,60,105.903480287
Ag,106,47,59,105.906663499
Cd,106,48,58,105.906459791
In,106,49,57,105.913463596
Sn,106,50,56,105.916957394
Sb,106,51,55,105.928637979
Te,106,52,54,105.937498521
I,106,53,53,105.953516
Sr,107,38,69,106.969672
Y,107,39,68,106.954943
Zr,107,40,67,106.942007
Nb,107,41,66,106.931589685
Mo,107,42,65,106.92211977
Tc,107,43,64,106.915458437
Ru,107,44,63,106.909969837
Rh,107,45,62,106.906747975
Pd,107,46,61,106.905128058
Ag,107,47,60,106.905091509
Cd,107,48,59,106.906612049
In,107,49,58,106.910287497
Sn,107,50,57,106.915713649
Sb,107,51,56,106.924150621
Te,107,52,55,106.934882
I,107,53,54,106.946935
Y,108,39,69,107.960515
Zr,108,40,68,107.945303
Nb,108,41,67,107.936075604
Mo,108,42,66,107.924047508
Tc,108,43,65,107.918493493
Ru,108,44,64,107.910185793
Rh,108,45,63,107.908715304
Pd,108,46,62,107.903891806
Ag,108,47,61,107.905950245
Cd,108,48,60,107.904183588
In,108,49,59,107.909693654
Sn,108,50,58,107.91189429
Sb,108,51,57,107.922226731
Te,108,52,56,107.929380469
I,108,53,55,107.943348
Xe,108,54,54,107.954232285
Y,109,39,70,108.965131
Zr,109,40,69,108.950907
Nb,109,41,68,108.939141
Mo,109,42,67,108.928438318
Tc,109,43,66,108.920254107
Ru,109,44,65,108.913323707
Rh,109,45,64,108.908749555
Pd,109,46,63,108.905950576
Ag,109,47,62,108.904755778
Cd,109,48,61,108.904986697
In,109,49,60,108.907149679
Sn,109,50,59,108.911292857
Sb,109,51,58,108.918141203
Te,109,52,57,108.927304532
I,109,53,56,108.938086022
Xe,109,54,55,108.950434955
Zr,110,40,70,109.954675
Nb,110,41,69,109.943843
Mo,110,42,68,109.930717956
Tc,110,43,67,109.923741263
Ru,110,44,66,109.914038501
Rh,110,45,65,109.911079745
Pd,110,46,64,109.905172878
Ag,110,47,63,109.906110724
Cd,110,48,62,109.90300747
In,110,49,61,109.907170674
Sn,110,50,60,109.907844835
Sb,110,51,59,109.916854283
Te,110,52,58,109.922458102
I,110,53,57,109.935085102
Xe,110,54,56,109.944258759
Zr,111,40,71,110.960837
Nb,111,41,70,110.947439
Mo,111,42,69,110.935651966
Tc,111,43,68,110.925898966
Ru,111,44,67,110.917567566
Rh,111,45,66,110.911643164
Pd,111,46,65,110.907690358
Ag,111,47,64,110.905296827
Cd,111,48,63,110.904183776
In,111,49,62,110.905107236
Sn,111,50,61,110.907741143
Sb,111,51,60,110.913218187
Te,111,52,59,110.921000587
I,111,53,58,110.930269236
Xe,111,54,57,110.94147
Cs,111,55,56,110.953945
Zr,112,40,72,111.965196
Nb,112,41,71,111.952689
Mo,112,42,70,111.938293
Tc,112,43,69,111.929941658
Ru,112,44,68,111.918806922
Rh,112,45,67,111.914405199
Pd,112,46,66,111.907330557
Ag,112,47,65,111.907048548
Cd,112,48,64,111.902763896
In,112,49,63,111.905538718
Sn,112,50,62,111.904824894
Sb,112,51,61,111.912399903
Te,112,52,60,111.916727848
I,112,53,59,111.928004548
Xe,112,54,58,111.935559068
Cs,112,55,57,111.950172
Zr,113,40,73,112.971723
Nb,113,41,72,112.956833
Mo,113,42,71,112.943478
Tc,113,43,70,112.932569032
Ru,113,44,69,112.922846729
Rh,113,45,68,112.915440212
Pd,113,46,67,112.910261912
Ag,113,47,66,112.906572865
Cd,113,48,65,112.904408105
In,113,49,64,112.904060451
Sn,113,50,63,112.905175857
Sb,113,51,62,112.909374664
Te,113,52,61,112.915891
I,113,53,60,112.923650062
Xe,113,54,59,112.933221663
Cs,113,55,58,112.944428484
Ba,113,56,57,112.95737
Nb,114,41,73,113.962469
Mo,114,42,72,113.946666
Tc,114,43,71,113.93709
Ru,114,44,70,113.92461443
Rh,114,45,69,113.91872168
Pd,114,46,68,113.91036943
Ag,114,47,67,113.908823029
Cd,114,48,66,113.903364998
In,114,49,65,113.904916405
Sn,114,50,64,113.90278013
Sb,114,51,63,113.909289155
Te,114,52,62,113.91208782
I,114,53,61,113.9220189
Xe,114,54,60,113.927980329
Cs,114,55,59,113.941292244
Ba,114,56,58,113.950718489
Nb,115,41,74,114.966849
Mo,115,42,73,114.952174
Tc,115,43,72,114.9401
Ru,115,44,71,114.929033049
Rh,115,45,70,114.920311649
Pd,115,46,69,114.913659333
Ag,115,47,68,114.908767445
Cd,115,48,67,114.905437426
In,115,49,66,114.903878772
Sn,115,50,65,114.903344695
Sb,115,51,64,114.906598
Te,115,52,63,114.911902
I,115,53,62,114.918048
Xe,115,54,61,114.926293943
Cs,115,55,60,114.93591
Ba,115,56,59,114.947482
Nb,116,41,75,115.972914
Mo,116,42,74,115.955759
Tc,116,43,73,115.94502
Ru,116,44,72,115.931219191
Rh,116,45,71,115.92406206
Pd,116,46,70,115.914297872
Ag,116,47,69,115.911386809
Cd,116,48,68,115.90476323
In,116,49,67,115.905259992
Sn,116,50,66,115.901742825
Sb,116,51,65,115.906792732
Te,116,52,64,115.908465558
I,116,53,63,115.916885513
Xe,116,54,62,115.921580955
Cs,116,55,61,115.933395
Ba,116,56,60,115.941621
La,116,57,59,115.957005
Mo,117,42,75,116.961686
Tc,117,43,74,116.94832
Ru,117,44,73,116.936135
Rh,117,45,72,116.926036291
Pd,117,46,71,116.917955584
Ag,117,47,70,116.911774086
Cd,117,48,69,116.907226039
In,117,49,68,116.904515729
Sn,117,50,67,116.902954036
Sb,117,51,66,116.904841519
Te,117,52,65,116.908646227
I,117,53,64,116.913645649
Xe,117,54,63,116.920358758
Cs,117,55,62,116.928616723
Ba,117,56,61,116.938316403
La,117,57,60,116.950326
Mo,118,42,76,117.965249
Tc,118,43,75,117.953526
Ru,118,44,74,117.938808
Rh,118,45,73,117.930341116
Pd,118,46,72,117.919067273
Ag,118,47,71,117.914595484
Cd,118,48,70,117.906921956
In,118,49,69,117.906356705
Sn,118,50,68,117.90160663
Sb,118,51,67,117.905532194
Te,118,52,66,117.905860104
I,118,53,65,117.913074
Xe,118,54,64,117.916178678
Cs,118,55,63,117.926559517
Ba,118,56,62,117.933226
La,118,57,61,117.946731
Mo,119,42,77,118.971465
Tc,119,43,76,118.956876
Ru,119,44,75,118.94409
Rh,119,45,74,118.932556951
Pd,119,46,73,118.923341138
Ag,119,47,72,118.915570309
Cd,119,48,71,118.909847052
In,119,49,70,118.905851622
Sn,119,50,69,118.903311266
Sb,119,51,68,118.903944062
Te,119,52,67,118.906405699
I,119,53,66,118.91006091
Xe,119,54,65,118.915410641
Cs,119,55,64,118.922377327
Ba,119,56,63,118.930659683
La,119,57,62,118.940934
Ce,119,58,61,118.952957
Tc,120,43,77,119.962426
Ru,120,44,76,119.946623
Rh,120,45,75,119.937069
Pd,120,46,74,119.924551745
Ag,120,47,73,119.918784765
Cd,120,48,72,119.909868065
In,120,49,71,119.907967489
Sn,120,50,70,119.902202557
Sb,120,51,69,119.905080308
Te,120,52,68,119.904065779
I,120,53,67,119.910093729
Xe,120,54,66,119.911784267
Cs,120,55,65,119.920677277
Ba,120,56,64,119.926044997
La,120,57,63,119.938196
Ce,120,58,62,119.946613
Tc,121,43,78,120.96614
Ru,121,44,77,120.952098
Rh,121,45,76,120.939613
Pd,121,46,75,120.928950342
Ag,121,47,74,120.920125279
Cd,121,48,73,120.91296366
In,121,49,72,120.907852778
Sn,121,50,71,120.904243488
Sb,121,51,70,120.903811353
Te,121,52,69,120.904945065
I,121,53,68,120.907411492
Xe,121,54,67,120.911453012
Cs,121,55,66,120.917227235
Ba,121,56,65,120.924052286
La,121,57,64,120.933236
Ce,121,58,63,120.943435
Pr,121,59,62,120.955393
Tc,122,43,79,121.97176
Ru,122,44,78,121.955147
Rh,122,45,77,121.944305
Pd,122,46,76,121.930631693
Ag,122,47,75,121.923664446
Cd,122,48,74,121.91345905
In,122,49,73,121.910282458
Sn,122,50,72,121.903445494
Sb,122,51,71,121.905169335
Te,122,52,70,121.903044708
I,122,53,69,121.907590094
Xe,122,54,68,121.908367655
Cs,122,55,67,121.916108144
Ba,122,56,66,121.919904
La,122,57,65,121.93071
Ce,122,58,64,121.93787
Pr,122,59,63,121.951927
Ru,123,44,79,122.960762
Rh,123,45,78,122.947192
Pd,123,46,77,122.935126
Ag,123,47,76,122.92531506
Cd,123,48,75,122.91689246
In,123,49,74,122.910435252
Sn,123,50,73,122.905727065
Sb,123,51,72,122.904215292
Te,123,52,71,122.904271022
I,123,53,70,122.905589753
Xe,123,54,69,122.908482235
Cs,123,55,68,122.91299606
Ba,123,56,67,122.91878106
La,123,57,66,122.9263
Ce,123,58,65,122.93528
Pr,123,59,64,122.946076
Ru,124,44,80,123.96394
Rh,124,45,79,123.952002
Pd,124,46,78,123.937305
Ag,124,47,77,123.928899227
Cd,124,48,76,123.917659772
In,124,49,75,123.913184873
Sn,124,50,74,123.905279619
Sb,124,51,73,123.905937065
Te,124,52,72,123.902818341
I,124,53,71,123.906210297
Xe,124,54,70,123.905885174
Cs,124,55,69,123.912247366
Ba,124,56,68,123.915093627
La,124,57,67,123.924574275
Ce,124,58,66,123.93031
Pr,124,59,65,123.94294
Nd,124,60,64,123.951873
Ru,125,44,81,124.969544
Rh,125,45,80,124.955094
Pd,125,46,79,124.942072
Ag,125,47,78,124.930735
Cd,125,48,77,124.92125759
In,125,49,76,124.913673841
Sn,125,50,75,124.90778937
Sb,125,51,74,124.905254264
Te,125,52,73,124.904431178
I,125,53,72,124.90463061
Xe,125,54,71,124.90638764
Cs,125,55,70,124.909725953
Ba,125,56,69,124.91447184
La,125,57,68,124.920815931
Ce,125,58,67,124.92844
Pr,125,59,66,124.937659
Nd,125,60,65,124.948395
Rh,126,45,81,125.960064
Pd,126,46,80,125.944401
Ag,126,47,79,125.934814
Cd,126,48,78,125.92243029
In,126,49,77,125.916468202
Sn,126,50,76,125.907658958
Sb,126,51,75,125.907253158
Te,126,52,74,125.903312144
I,126,53,73,125.905624205
Xe,126,54,72,125.904297422
Cs,126,55,71,125.909445821
Ba,126,56,70,125.911250202
La,126,57,69,125.919512667
Ce,126,58,68,125.923971
Pr,126,59,67,125.93524
Nd,126,60,66,125.942694
Pm,126,61,65,125.957327
Rh,127,45,82,126.963789
Pd,127,46,81,126.949307
Ag,127,47,80,126.937037
Cd,127,48,79,126.926203291
In,127,49,78,126.91746604
Sn,127,50,77,126.910391726
Sb,127,51,76,126.906925557
Te,127,52,75,126.905226993
I,127,53,74,126.904472592
Xe,127,54,73,126.905183636
Cs,127,55,72,126.907417527
Ba,127,56,71,126.911091272
La,127,57,70,126.916375083
Ce,127,58,69,126.922727
Pr,127,59,68,126.93071
Nd,127,60,67,126.939978
Pm,127,61,66,126.951358
Rh,128,45,83,127.970649
Pd,128,46,82,127.952345
Ag,128,47,81,127.941266
Cd,128,48,80,127.927816778
In,128,49,79,127.920353637
Sn,128,50,78,127.910507828
Sb,128,51,77,127.909146121
Te,128,52,76,127.904461237
I,128,53,75,127.905809355
Xe,128,54,74,127.90353075341
Cs,128,55,73,127.907748452
Ba,128,56,72,127.908352446
La,128,57,71,127.915592123
Ce,128,58,70,127.918911
Pr,128,59,69,127.928791
Nd,128,60,68,127.935018
Pm,128,61,67,127.948234
Sm,128,62,66,127.957971
Pd,129,46,83,128.959334
Ag,129,47,82,128.944315
Cd,129,48,81,128.932235597
In,129,49,80,128.921808534
Sn,129,50,79,128.91348244
Sb,129,51,78,128.909146623
Te,129,52,77,128.906596419
I,129,53,76,128.904983643
Xe,129,54,75,128.90478085742
Cs,129,55,74,128.90606591
Ba,129,56,73,128.908683409
La,129,57,72,128.912695592
Ce,129,58,71,128.918102
Pr,129,59,70,128.925095
Nd,129,60,69,128.933038
Pm,129,61,68,128.942909
Sm,129,62,67,128.954557
Pd,130,46,84,129.964863
Ag,130,47,83,129.950727
Cd,130,48,82,129.934387563
In,130,49,81,129.924952257
Sn,130,50,80,129.913974531
Sb,130,51,79,129.911662686
Te,130,52,78,129.906222745
I,130,53,77,129.906670168
Xe,130,54,76,129.903509346
Cs,130,55,75,129.906709281
Ba,130,56,74,129.906326002
La,130,57,73,129.912369413
Ce,130,58,72,129.914736
Pr,130,59,71,129.92359
Nd,130,60,70,129.928506
Pm,130,61,69,129.940451
Sm,130,62,68,129.948792
Eu,130,63,67,129.964022
Pd,131,46,85,130.972367
Ag,131,47,84,130.956253
Cd,131,48,83,130.94072774
In,131,49,82,130.926972839
Sn,131,50,81,130.917053067
Sb,131,51,80,130.911989339
Te,131,52,79,130.90852221
I,131,53,78,130.906126375
Xe,131,54,77,130.90508412808
Cs,131,55,76,130.905468457
Ba,131,56,75,130.906946315
La,131,57,74,130.91007
Ce,131,58,73,130.914429465
Pr,131,59,72,130.92023496
Nd,131,60,71,130.92724802
Pm,131,61,70,130.935834
Sm,131,62,69,130.946022
Eu,131,63,68,130.957634
Ag,132,47,85,131.96307
Cd,132,48,84,131.945823136
In,132,49,83,131.932998444
Sn,132,50,82,131.917823898
Sb,132,51,81,131.914508013
Te,132,52,80,131.908546713
I,132,53,79,131.907993511
Xe,132,54,78,131.90415508346
Cs,132,55,77,131.90643774
Ba,132,56,76,131.905061231
La,132,57,75,131.910119047
Ce,132,58,74,131.911466226
Pr,132,59,73,131.91924
Nd,132,60,72,131.923321237
Pm,132,61,71,131.93384
Sm,132,62,70,131.940805
Eu,132,63,69,131.954696
Ag,133,47,86,132.968781
Cd,133,48,85,132.952614
In,133,49,84,132.938067
Sn,133,50,83,132.923913753
Sb,133,51,82,132.915272128
Te,133,52,81,132.91096333
I,133,53,80,132.9078284
Xe,133,54,79,132.905910748
Cs,133,55,78,132.905451958
Ba,133,56,77,132.906007443
La,133,57,76,132.908218
Ce,133,58,75,132.911520402
Pr,133,59,74,132.916330558
Nd,133,60,73,132.922348
Pm,133,61,72,132.929782
Sm,133,62,71,132.93856
Eu,133,63,70,132.94929
Gd,133,64,69,132.961288
Cd,134,48,86,133.957638
In,134,49,85,133.944208
Sn,134,50,84,133.92868043
Sb,134,51,83,133.920537334
Te,134,52,82,133.911396376
I,134,53,81,133.90977566
Xe,134,54,80,133.90539303
Cs,134,55,79,133.906718501
Ba,134,56,78,133.904508249
La,134,57,77,133.908514011
Ce,134,58,76,133.908928142
Pr,134,59,75,133.915696729
Nd,134,60,74,133.918790207
Pm,134,61,73,133.928326
Sm,134,62,72,133.93411
Eu,134,63,71,133.946537
Gd,134,64,70,133.955416
Cd,135,48,87,134.964766
In,135,49,86,134.949425
Sn,135,50,85,134.934908603
Sb,135,51,84,134.925184354
Te,135,52,83,134.916554715
I,135,53,82,134.910059355
Xe,135,54,81,134.907231441
Cs,135,55,80,134.905976907
Ba,135,56,79,134.905688447
La,135,57,78,134.906984427
Ce,135,58,77,134.909160662
Pr,135,59,76,134.913111772
Nd,135,60,75,134.918181318
Pm,135,61,74,134.924785
Sm,135,62,73,134.93252
Eu,135,63,72,134.94187
Gd,135,64,71,134.952496
Tb,135,65,70,134.964516
In,136,49,87,135.956017
Sn,136,50,86,135.939699
Sb,136,51,85,135.930749009
Te,136,52,84,135.92010118
I,136,53,83,135.914604693
Xe,136,54,82,135.907214474
Cs,136,55,81,135.907311431
Ba,136,56,80,135.9045758
La,136,57,79,135.907634962
Ce,136,58,78,135.907129256
Pr,136,59,77,135.91267747
Nd,136,60,76,135.914976061
Pm,136,61,75,135.923595949
Sm,136,62,74,135.928275553
Eu,136,63,73,135.93962
Gd,136,64,72,135.9473
Tb,136,65,71,135.96146
In,137,49,88,136.961535
Sn,137,50,87,136.946162
Sb,137,51,86,136.935522519
Te,137,52,85,136.925599354
I,137,53,84,136.918028178
Xe,137,54,83,136.911557771
Cs,137,55,82,136.907089296
Ba,137,56,81,136.905827207
La,137,57,80,136.906450438
Ce,137,58,79,136.907762416
Pr,137,59,78,136.910679183
Nd,137,60,77,136.914563099
Pm,137,61,76,136.920479519
Sm,137,62,75,136.927007959
Eu,137,63,74,136.935430719
Gd,137,64,73,136.94502
Tb,137,65,72,136.95602
Sn,138,50,88,137.951143
Sb,138,51,87,137.941331
Te,138,52,86,137.929472452
I,138,53,85,137.922726392
Xe,138,54,84,137.914146268
Cs,138,55,83,137.911017119
Ba,138,56,82,137.905247059
La,138,57,81,137.907124041
Ce,138,58,80,137.90599418
Pr,138,59,79,137.910757495
Nd,138,60,78,137.911950938
Pm,138,61,77,137.919576119
Sm,138,62,76,137.923243988
Eu,138,63,75,137.933709
Gd,138,64,74,137.940247
Tb,138,65,73,137.953193
Dy,138,66,72,137.9625
Sn,139,50,89,138.957799
Sb,139,51,88,138.946269
Te,139,52,87,138.935367191
I,139,53,86,138.9264934
Xe,139,54,85,138.9187922
Cs,139,55,84,138.913363822
Ba,139,56,83,138.908841164
La,139,57,82,138.906362927
Ce,139,58,81,138.906647029
Pr,139,59,80,138.9089327
Nd,139,60,79,138.911951208
Pm,139,61,78,138.916799228
Sm,139,62,77,138.922296631
Eu,139,63,76,138.929792307
Gd,139,64,75,138.93813
Tb,139,65,74,138.94833
Dy,139,66,73,138.959527
Sn,140,50,90,139.962973
Sb,140,51,89,139.952345
Te,140,52,88,139.939487057
I,140,53,87,139.931715914
Xe,140,54,86,139.921645814
Cs,140,55,85,139.917283707
Ba,140,56,84,139.910608231
La,140,57,83,139.909487285
Ce,140,58,82,139.905448433
Pr,140,59,81,139.9090856
Nd,140,60,80,139.90954613
Pm,140,61,79,139.916035918
Sm,140,62,78,139.918994714
Eu,140,63,77,139.928087633
Gd,140,64,76,139.933674
Tb,140,65,75,139.945805048
Dy,140,66,74,139.95402
Ho,140,67,73,139.968526
Sb,141,51,90,140.957552
Te,141,52,89,140.945604
I,141,53,88,140.935666081
Xe,141,54,87,140.926787181
Cs,141,55,86,140.920045279
Ba,141,56,85,140.914403653
La,141,57,84,140.910971155
Ce,141,58,83,140.908285991
Pr,141,59,82,140.907659604
Nd,141,60,81,140.90961669
Pm,141,61,80,140.913555081
Sm,141,62,79,140.918481545
Eu,141,63,78,140.924931734
Gd,141,64,77,140.932126
Tb,141,65,76,140.941448
Dy,141,66,75,140.95128
Ho,141,67,74,140.963108
Sb,142,51,91,141.963918
Te,142,52,90,141.950027
I,142,53,89,141.941166595
Xe,142,54,88,141.929973095
Cs,142,55,87,141.924299514
Ba,142,56,86,141.916432904
La,142,57,85,141.91409076
Ce,142,58,84,141.909250208
Pr,142,59,83,141.91005164
Nd,142,60,82,141.907728824
Pm,142,61,81,141.912890982
Sm,142,62,80,141.915209415
Eu,142,63,79,141.923446719
Gd,142,64,78,141.928116
Tb,142,65,77,141.939280858
Dy,142,66,76,141.946194
Ho,142,67,75,141.96001
Er,142,68,74,141.970016
Te,143,52,91,142.956489
I,143,53,90,142.945475
Xe,143,54,89,142.93536955
Cs,143,55,88,142.927347346
Ba,143,56,87,142.920625149
La,143,57,86,142.916079482
Ce,143,58,85,142.912391953
Pr,143,59,84,142.910822624
Nd,143,60,83,142.909819815
Pm,143,61,82,142.910938068
Sm,143,62,81,142.914634848
Eu,143,63,80,142.920298678
Gd,143,64,79,142.926750678
Tb,143,65,78,142.935137332
Dy,143,66,77,142.943994332
Ho,143,67,76,142.95486
Er,143,68,75,142.966548
Te,144,52,92,143.961116
I,144,53,91,143.951336
Xe,144,54,90,143.938945076
Cs,144,55,89,143.932075402
Ba,144,56,88,143.922954821
La,144,57,87,143.919645589
Ce,144,58,86,143.913652763
Pr,144,59,85,143.913310682
Nd,144,60,84,143.910092798
Pm,144,61,83,143.912596208
Sm,144,62,82,143.912006285
Eu,144,63,81,143.918819481
Gd,144,64,80,143.922963
Tb,144,65,79,143.933045
Dy,144,66,78,143.939269512
Ho,144,67,77,143.952109712
Er,144,68,76,143.9607
Tm,144,69,75,143.976211
Te,145,52,93,144.967783
I,145,53,92,144.955845
Xe,145,54,91,144.944719631
Cs,145,55,90,144.935528927
Ba,145,56,89,144.9275184
La,145,57,88,144.921808065
Ce,145,58,87,144.917265113
Pr,145,59,86,144.914517987
Nd,145,60,85,144.912579151
Pm,145,61,84,144.912755748
Sm,145,62,83,144.913417157
Eu,145,63,82,144.916272659
Gd,145,64,81,144.921710051
Tb,145,65,80,144.928717001
Dy,145,66,79,144.937473992
Ho,145,67,78,144.947267392
Er,145,68,77,144.957874
Tm,145,69,76,144.970389
I,146,53,93,145.961846
Xe,146,54,92,145.948518245
Cs,146,55,91,145.940621867
Ba,146,56,90,145.9303632
La,146,57,89,145.925688017
Ce,146,58,88,145.918812294
Pr,146,59,87,145.91768763
Nd,146,60,86,145.913122459
Pm,146,61,85,145.91470224
Sm,146,62,84,145.913046835
Eu,146,63,83,145.917210852
Gd,146,64,82,145.918318513
Tb,146,65,81,145.927252739
Dy,146,66,80,145.932844526
Ho,146,67,79,145.944993503
Er,146,68,78,145.952418357
Tm,146,69,77,145.966661
I,147,53,94,146.966505
Xe,147,54,93,146.954482
Cs,147,55,92,146.944261512
Ba,147,56,91,146.9353039
La,147,57,90,146.9284178
Ce,147,58,89,146.9226899
Pr,147,59,88,146.919007438
Nd,147,60,87,146.916105969
Pm,147,61,86,146.915144944
Sm,147,62,85,146.914904401
Eu,147,63,84,146.91675244
Gd,147,64,83,146.919101014
Tb,147,65,82,146.92405462
Dy,147,66,81,146.931082712
Ho,147,67,80,146.940142293
Er,147,68,79,146.949964456
Tm,147,69,78,146.961379887
Xe,148,54,94,147.958508
Cs,148,55,93,147.949639026
Ba,148,56,92,147.938223
La,148,57,91,147.9326794
Ce,148,58,90,147.924424186
Pr,148,59,89,147.922129992
Nd,148,60,88,147.916899027
Pm,148,61,87,147.917481091
Sm,148,62,86,147.914829233
Eu,148,63,85,147.918091288
Gd,148,64,84,147.918121414
Tb,148,65,83,147.924275476
Dy,148,66,82,147.927149944
Ho,148,67,81,147.937743925
Er,148,68,80,147.944735026
Tm,148,69,79,147.958384026
Yb,148,70,78,147.967547
Xe,149,54,95,148.964573
Cs,149,55,94,148.953516
Ba,149,56,93,148.943284
La,149,57,92,148.935351259
Ce,149,58,91,148.9284269
Pr,149,59,90,148.9237361
Nd,149,60,89,148.920154583
Pm,149,61,88,148.918341507
Sm,149,62,87,148.917191211
Eu,149,63,86,148.917936875
Gd,149,64,85,148.919347666
Tb,149,65,84,148.923253792
Dy,149,66,83,148.927327516
Ho,149,67,82,148.933820457
Er,149,68,81,148.942306
Tm,149,69,80,148.952828
Yb,149,70,79,148.964219
Xe,150,54,96,149.968878
Cs,150,55,95,149.959023
Ba,150,56,94,149.9464411
La,150,57,93,149.9395475
Ce,150,58,92,149.930384032
Pr,150,59,91,149.926676391
Nd,150,60,90,149.920901322
Pm,150,61,89,149.920990014
Sm,150,62,88,149.917281993
Eu,150,63,87,149.919707092
Gd,150,64,86,149.918663949
Tb,150,65,85,149.923664799
Dy,150,66,84,149.925593068
Ho,150,67,83,149.933498353
Er,150,68,82,149.937915524
Tm,150,69,81,149.95009
Yb,150,70,80,149.958314
Lu,150,71,79,149.973407
Cs,151,55,96,150.963199
Ba,151,56,95,150.951755
La,151,57,94,150.942769
Ce,151,58,93,150.9342722
Pr,151,59,92,150.928309066
Nd,151,60,91,150.923839363
Pm,151,61,90,150.921216613
Sm,151,62,89,150.919938859
Eu,151,63,88,150.919856606
Gd,151,64,87,150.920354922
Tb,151,65,86,150.92310897
Dy,151,66,85,150.926191279
Ho,151,67,84,150.931698176
Er,151,68,83,150.937448567
Tm,151,69,82,150.945494433
Yb,151,70,81,150.955402453
Lu,151,71,80,150.967471
Cs,152,55,97,151.968728
Ba,152,56,96,151.95533
La,152,57,95,151.947085
Ce,152,58,94,151.936682
Pr,152,59,93,151.9315529
Nd,152,60,92,151.924691242
Pm,152,61,91,151.923505185
Sm,152,62,90,151.919738646
Eu,152,63,89,151.92175098
Gd,152,64,88,151.919798414
Tb,152,65,87,151.924081855
Dy,152,66,86,151.924725274
Ho,152,67,85,151.931717618
Er,152,68,84,151.935050347
Tm,152,69,83,151.944476
Yb,152,70,82,151.950326699
Lu,152,71,81,151.96412
Ba,153,56,97,152.960848
La,153,57,96,152.950553
Ce,153,58,95,152.941052
Pr,153,59,94,152.933903511
Nd,153,60,93,152.927717868
Pm,153,61,92,152.924156252
Sm,153,62,91,152.922103576
Eu,153,63,90,152.921236789
Gd,153,64,89,152.921756945
Tb,153,65,88,152.923441694
Dy,153,66,87,152.925771729
Ho,153,67,86,152.930206671
Er,153,68,85,152.93508635
Tm,153,69,84,152.942058023
Yb,153,70,83,152.949372
Lu,153,71,82,152.958802248
Hf,153,72,81,152.970692
Ba,154,56,98,153.964659
La,154,57,97,153.955416
Ce,154,58,96,153.94394
Pr,154,59,95,153.937885165
Nd,154,60,94,153.929597404
Pm,154,61,93,153.926712791
Sm,154,62,92,153.922215756
Eu,154,63,91,153.922985699
Gd,154,64,90,153.920872974
Tb,154,65,89,153.924683681
Dy,154,66,88,153.92442892
Ho,154,67,87,153.930606776
Er,154,68,86,153.932790799
Tm,154,69,85,153.941570062
Yb,154,70,84,153.946395696
Lu,154,71,83,153.957416
Hf,154,72,82,153.964863
La,155,57,98,154.95928
Ce,155,58,97,154.948706
Pr,155,59,96,154.940509193
Nd,155,60,95,154.933135598
Pm,155,61,94,154.928136951
Sm,155,62,93,154.924646645
Eu,155,63,92,154.922899847
Gd,155,64,91,154.922629356
Tb,155,65,90,154.923509511
Dy,155,66,89,154.925758049
Ho,155,67,88,154.929103363
Er,155,68,87,154.93321571
Tm,155,69,86,154.939209576
Yb,155,70,85,154.945783216
Lu,155,71,84,154.954326005
Hf,155,72,83,154.963167
Ta,155,73,82,154.974248
La,156,57,99,155.964519
Ce,156,58,98,155.951884
Pr,156,59,97,155.9447669
Nd,156,60,96,155.935370358
Pm,156,61,95,155.931114059
Sm,156,62,94,155.925538191
Eu,156,63,93,155.924762976
Gd,156,64,92,155.92213012
Tb,156,65,91,155.924754209
Dy,156,66,90,155.924283593
Ho,156,67,89,155.929641634
Er,156,68,88,155.931065926
Tm,156,69,87,155.938985746
Yb,156,70,86,155.942817096
Lu,156,71,85,155.953086606
Hf,156,72,84,155.959399083
Ta,156,73,83,155.972087
La,157,57,100,156.968792
Ce,157,58,99,156.957133
Pr,157,59,98,156.9480031
Nd,157,60,97,156.939351074
Pm,157,61,96,156.933121298
Sm,157,62,95,156.928418598
Eu,157,63,94,156.925432556
Gd,157,64,93,156.923967424
Tb,157,65,92,156.924031888
Dy,157,66,91,156.925469555
Ho,157,67,90,156.928251974
Er,157,68,89,156.931922652
Tm,157,69,88,156.936973
Yb,157,70,87,156.942651368
Lu,157,71,86,156.950144807
Hf,157,72,85,156.958288
Ta,157,73,84,156.968227445
W,157,74,83,156.978862
Ce,158,58,100,157.960773
Pr,158,59,99,157.952603
Nd,158,60,98,157.94220562
Pm,158,61,97,157.936546948
Sm,158,62,96,157.929949262
Eu,158,63,95,157.927782192
Gd,158,64,94,157.9241112
Tb,158,65,93,157.925419942
Dy,158,66,92,157.924414817
Ho,158,67,91,157.92894491
Er,158,68,90,157.929893474
Tm,158,69,89,157.936979525
Yb,158,70,88,157.939871202
Lu,158,71,87,157.94931562
Hf,158,72,86,157.954801217
Ta,158,73,85,157.966593
W,158,74,84,157.974565
Ce,159,58,101,158.966355
Pr,159,59,100,158.956232
Nd,159,60,99,158.946619085
Pm,159,61,98,158.939286409
Sm,159,62,97,158.93321713
Eu,159,63,96,158.929099512
Gd,159,64,95,158.926395822
Tb,159,65,94,158.925353707
Dy,159,66,93,158.925745938
Ho,159,67,92,158.927718683
Er,159,68,91,158.93069079
Tm,159,69,90,158.934975
Yb,159,70,89,158.940060257
Lu,159,71,88,158.946635615
Hf,159,72,87,158.953995837
Ta,159,73,86,158.963028046
W,159,74,85,158.972696
Re,159,75,84,158.984106
Pr,160,59,101,159.961138
Nd,160,60,100,159.949839172
Pm,160,61,99,159.943215272
Sm,160,62,98,159.935337032
Eu,160,63,97,159.931836982
Gd,160,64,96,159.927061202
Tb,160,65,95,159.927174553
Dy,160,66,94,159.925203578
Ho,160,67,93,159.928735538
Er,160,68,92,159.929077193
Tm,160,69,91,159.935264177
Yb,160,70,90,159.93755921
Lu,160,71,89,159.946033
Hf,160,72,88,159.950682728
Ta,160,73,87,159.961541678
W,160,74,86,159.968513946
Re,160,75,85,159.98188
Pr,161,59,102,160.965121
Nd,161,60,101,160.954664
Pm,161,61,100,160.946229837
Sm,161,62,99,160.939160062
Eu,161,63,98,160.933663991
Gd,161,64,97,160.929676267
Tb,161,65,96,160.927576806
Dy,161,66,95,160.926939425
Ho,161,67,94,160.927861815
Er,161,68,93,160.93000353
Tm,161,69,92,160.933549
Yb,161,70,91,160.937912384
Lu,161,71,90,160.943572
Hf,161,72,89,160.950277927
Ta,161,73,88,160.958369489
W,161,74,87,160.967249
Re,161,75,86,160.977624313
Os,161,76,85,160.989054
Nd,162,60,102,161.958121
Pm,162,61,101,161.950574
Sm,162,62,100,161.941621687
Eu,162,63,99,161.936958329
Gd,162,64,98,161.930991812
Tb,162,65,97,161.9292754
Dy,162,66,96,161.926804507
Ho,162,67,95,161.929102543
Er,162,68,94,161.928787299
Tm,162,69,93,161.934001211
Yb,162,70,92,161.935779342
Lu,162,71,91,161.943282776
Hf,162,72,90,161.947215526
Ta,162,73,89,161.957292907
W,162,74,88,161.963500341
Re,162,75,87,161.975896
Os,162,76,86,161.984434
Nd,163,60,103,162.963414
Pm,163,61,102,162.953881
Sm,163,62,101,162.945679085
Eu,163,63,100,162.93926551
Gd,163,64,99,162.93409664
Tb,163,65,98,162.930653609
Dy,163,66,97,162.928737221
Ho,163,67,96,162.92874026
Er,163,68,95,162.930039908
Tm,163,69,94,162.932658282
Yb,163,70,93,162.936345406
Lu,163,71,92,162.941179
Hf,163,72,91,162.947107211
Ta,163,73,90,162.954337194
W,163,74,89,162.962524251
Re,163,75,88,162.972085434
Os,163,76,87,162.982462
Ir,163,77,86,162.994299
Pm,164,61,103,163.958819
Sm,164,62,102,163.948550061
Eu,164,63,101,163.942852943
Gd,164,64,100,163.935916193
Tb,164,65,99,163.933327561
Dy,164,66,98,163.929180819
Ho,164,67,97,163.930240548
Er,164,68,96,163.929207739
Tm,164,69,95,163.933538019
Yb,164,70,94,163.934500743
Lu,164,71,93,163.941339
Hf,164,72,92,163.944370709
Ta,164,73,91,163.953534
W,164,74,90,163.958952445
Re,164,75,89,163.970507122
Os,164,76,88,163.978073158
Ir,164,77,87,163.991966
Pm,165,61,104,164.96278
Sm,165,62,103,164.95329
Eu,165,63,102,164.94554007
Gd,165,64,101,164.93931708
Tb,165,65,100,164.934955198
Dy,165,66,99,164.931709402
Ho,165,67,98,164.930329116
Er,165,68,97,164.930733482
Tm,165,69,96,164.932441843
Yb,165,70,95,164.935270241
Lu,165,71,94,164.939406758
Hf,165,72,93,164.944567
Ta,165,73,92,164.950780287
W,165,74,91,164.958280663
Re,165,75,90,164.967085831
Os,165,76,89,164.976654
Ir,165,77,88,164.987552
Pt,165,78,87,164.999658
Sm,166,62,104,165.956575
Eu,166,63,103,165.949813
Gd,166,64,102,165.941630413
Tb,166,65,101,165.937939727
Dy,166,66,100,165.93281281
Ho,166,67,99,165.932291209
Er,166,68,98,165.930301067
Tm,166,69,97,165.933562136
Yb,166,70,96,165.933876439
Lu,166,71,95,165.939859
Hf,166,72,94,165.94218
Ta,166,73,93,165.950512
W,166,74,92,165.955031952
Re,166,75,91,165.965821216
Os,166,76,90,165.972698135
Ir,166,77,89,165.985716
Pt,166,78,88,165.994866
Sm,167,62,105,166.962072
Eu,167,63,104,166.953011
Gd,167,64,103,166.945490012
Tb,167,65,102,166.940007046
Dy,167,66,101,166.935682415
Ho,167,67,100,166.933140254
Er,167,68,99,166.932056192
Tm,167,69,98,166.932857206
Yb,167,70,97,166.934954069
Lu,167,71,96,166.938243
Hf,167,72,95,166.9426
Ta,167,73,94,166.948093
W,167,74,93,166.95481108
Re,167,75,92,166.962604
Os,167,76,91,166.971552304
Ir,167,77,90,166.981671973
Pt,167,78,89,166.99275
Sm,168,62,106,167.966033
Eu,168,63,105,167.957863
Gd,168,64,104,167.948309
Tb,168,65,103,167.943337074
Dy,168,66,102,167.937134977
Ho,168,67,101,167.935523766
Er,168,68,100,167.932378282
Tm,168,69,99,167.934178457
Yb,168,70,98,167.933891297
Lu,168,71,97,167.938729798
Hf,168,72,96,167.940568
Ta,168,73,95,167.948047
W,168,74,94,167.951805459
Re,168,75,93,167.961572607
Os,168,76,92,167.96779905
Ir,168,77,91,167.979960978
Pt,168,78,90,167.988180196
Au,168,79,89,168.002716
Eu,169,63,106,168.961717
Gd,169,64,105,168.952882
Tb,169,65,104,168.945807
Dy,169,66,103,168.940315231
Ho,169,67,102,168.93687989
Er,169,68,101,168.934598444
Tm,169,69,100,168.934218956
Yb,169,70,99,168.935184208
Lu,169,71,98,168.937645845
Hf,169,72,97,168.941259
Ta,169,73,96,168.946011
W,169,74,95,168.951778689
Re,169,75,94,168.958765979
Os,169,76,93,168.967017521
Ir,169,77,92,168.976281743
Pt,169,78,91,168.986619
Au,169,79,90,168.99808
Eu,170,63,107,169.96687
Gd,170,64,106,169.956146
Tb,170,65,105,169.949855
Dy,170,66,104,169.94234
Ho,170,67,103,169.939626548
Er,170,68,102,169.935471933
Tm,170,69,101,169.935807093
Yb,170,70,100,169.934767242
Lu,170,71,99,169.93847923
Hf,170,72,98,169.939609
Ta,170,73,97,169.946175
W,170,74,96,169.949231235
Re,170,75,95,169.958234844
Os,170,76,94,169.963579273
Ir,170,77,93,169.975113
Pt,170,78,92,169.982502087
Au,170,79,91,169.996024
Hg,170,80,90,170.005814
Gd,171,64,107,170.961127
Tb,171,65,106,170.953011
Dy,171,66,105,170.946312
Ho,171,67,104,170.941472713
Er,171,68,103,170.938037372
Tm,171,69,102,170.936435162
Yb,171,70,101,170.936331515
Lu,171,71,100,170.937918591
Hf,171,72,99,170.940492
Ta,171,73,98,170.944476
W,171,74,97,170.949451
Re,171,75,96,170.955716
Os,171,76,95,170.963180402
Ir,171,77,94,170.97164552
Pt,171,78,93,170.981248868
Au,171,79,92,170.991881533
Hg,171,80,91,171.003585
Gd,172,64,108,171.964605
Tb,172,65,107,171.957391
Dy,172,66,106,171.948728
Ho,172,67,105,171.94473
Er,172,68,104,171.939363461
Tm,172,69,103,171.938406959
Yb,172,70,102,171.936386654
Lu,172,71,101,171.93909132
Hf,172,72,100,171.939449716
Ta,172,73,99,171.944895
W,172,74,98,171.947292
Re,172,75,97,171.955376165
Os,172,76,96,171.960017309
Ir,172,77,95,171.970607035
Pt,172,78,94,171.977341059
Au,172,79,93,171.989996704
Hg,172,80,92,171.998860581
Tb,173,65,108,172.960805
Dy,173,66,107,172.953043
Ho,173,67,106,172.94702
Er,173,68,105,172.9424
Tm,173,69,104,172.93960663
Yb,173,70,103,172.938216211
Lu,173,71,102,172.938935722
Hf,173,72,101,172.940513
Ta,173,73,100,172.94375
W,173,74,99,172.947689
Re,173,75,98,172.953243
Os,173,76,97,172.959808387
Ir,173,77,96,172.967505477
Pt,173,78,95,172.976449922
Au,173,79,94,172.986224263
Hg,173,80,93,172.997143
Tb,174,65,109,173.965679
Dy,174,66,108,173.955845
Ho,174,67,107,173.950757
Er,174,68,106,173.94423
Tm,174,69,105,173.942174061
Yb,174,70,104,173.938867545
Lu,174,71,103,173.94034284
Hf,174,72,102,173.940048377
Ta,174,73,101,173.944454
W,174,74,100,173.946079
Re,174,75,99,173.953115
Os,174,76,98,173.957063192
Ir,174,77,97,173.966949939
Pt,174,78,96,173.972820431
Au,174,79,95,173.984908
Hg,174,80,94,173.992870575
Dy,175,66,109,174.960569
Ho,175,67,108,174.953516
Er,175,68,107,174.94777
Tm,175,69,106,174.94384231
Yb,175,70,105,174.941281907
Lu,175,71,104,174.940777211
Hf,175,72,103,174.941511424
Ta,175,73,102,174.943737
W,175,74,101,174.946717
Re,175,75,100,174.951381
Os,175,76,99,174.956945126
Ir,175,77,98,174.964149519
Pt,175,78,97,174.972400593
Au,175,79,96,174.981316375
Hg,175,80,95,174.991444451
Dy,176,66,110,175.963918
Ho,176,67,109,175.957713
Er,176,68,108,175.94994
Tm,176,69,107,175.946997707
Yb,176,70,106,175.942574706
Lu,176,71,105,175.942691711
Hf,176,72,104,175.941409797
Ta,176,73,103,175.944857
W,176,74,102,175.945634
Re,176,75,101,175.951623
Os,176,76,100,175.954770315
Ir,176,77,99,175.963626261
Pt,176,78,98,175.968938162
Au,176,79,97,175.980116925
Hg,176,80,96,175.98734867
Tl,176,81,95,176.000627731
Ho,177,67,110,176.961052
Er,177,68,109,176.95399
Tm,177,69,108,176.948932
Yb,177,70,107,176.945263846
Lu,177,71,106,176.94376357
Hf,177,72,105,176.943230187
Ta,177,73,104,176.94448194
W,177,74,103,176.946643
Re,177,75,102,176.950328
Os,177,76,101,176.954957902
Ir,177,77,100,176.9613015
Pt,177,78,99,176.968469541
Au,177,79,98,176.976869701
Hg,177,80,97,176.98628459
Tl,177,81,96,176.996414252
Ho,178,67,111,177.965507
Er,178,68,110,177.956779
Tm,178,69,109,177.952506
Yb,178,70,108,177.9466694
Lu,178,71,107,177.945960065
Hf,178,72,106,177.943708322
Ta,178,73,105,177.94568
W,178,74,104,177.945885791
Re,178,75,103,177.950989
Os,178,76,102,177.953253334
Ir,178,77,101,177.961079395
Pt,178,78,100,177.965649288
Au,178,79,99,177.976056714
Hg,178,80,98,177.982484756
Tl,178,81,97,177.995047
Pb,178,82,96,178.003836171
Er,179,68,111,178.961267
Tm,179,69,110,178.955018
Yb,179,70,109,178.94993
Lu,179,71,108,178.947332985
Hf,179,72,107,178.945825705
Ta,179,73,106,178.94593905
W,179,74,105,178.947079378
Re,179,75,104,178.949989686
Os,179,76,103,178.953815985
Ir,179,77,102,178.959117594
Pt,179,78,101,178.965358742
Au,179,79,100,178.973173666
Hg,179,80,99,178.981821759
Tl,179,81,98,178.991122185
Pb,179,82,97,179.002202492
Er,180,68,112,179.96438
Tm,180,69,111,179.959023
Yb,180,70,110,179.951991
Lu,180,71,109,179.949890744
Hf,180,72,108,179.946559537
Ta,180,73,107,179.947467589
W,180,74,106,179.946713304
Re,180,75,105,179.950791568
Os,180,76,104,179.952381665
Ir,180,77,103,179.959229446
Pt,180,78,102,179.96303801
Au,180,79,101,179.972489738
Hg,180,80,100,179.97826018
Tl,180,81,99,179.98991895
Pb,180,82,98,179.997916177
Tm,181,69,112,180.961954
Yb,181,70,111,180.95589
Lu,181,71,110,180.951908
Hf,181,72,109,180.949110834
Ta,181,73,108,180.947998528
W,181,74,107,180.948218733
Re,181,75,106,180.950061507
Os,181,76,105,180.953247188
Ir,181,77,104,180.957634691
Pt,181,78,103,180.963089946
Au,181,79,102,180.970079102
Hg,181,80,101,180.977819368
Tl,181,81,100,180.986259978
Pb,181,82,99,180.9966606
Tm,182,69,113,181.966194
Yb,182,70,112,181.958239
Lu,182,71,111,181.955158
Hf,182,72,110,181.950563684
Ta,182,73,109,181.950154612
W,182,74,108,181.948205636
Re,182,75,107,181.95121156
Os,182,76,106,181.952110154
Ir,182,77,105,181.958076296
Pt,182,78,104,181.961171605
Au,182,79,103,181.969614433
Hg,182,80,102,181.974689173
Tl,182,81,101,181.985692649
Pb,182,82,100,181.992673537
Yb,183,70,113,182.962426
Lu,183,71,112,182.957363
Hf,183,72,111,182.953533203
Ta,183,73,110,182.95137538
W,183,74,109,182.950224416
Re,183,75,108,182.950821306
Os,183,76,107,182.953125028
Ir,183,77,106,182.956841231
Pt,183,78,105,182.961595895
Au,183,79,104,182.967588106
Hg,183,80,103,182.974444652
Tl,183,81,102,182.982192843
Pb,183,82,101,182.991862527
Yb,184,70,114,183.965002
Lu,184,71,113,183.96103
Hf,184,72,112,183.955448507
Ta,184,73,111,183.954009958
W,184,74,110,183.95093318
Re,184,75,109,183.952528073
Os,184,76,108,183.952492919
Ir,184,77,107,183.957476
Pt,184,78,106,183.959921929
Au,184,79,105,183.967451523
Hg,184,80,104,183.971717709
Tl,184,81,103,183.981874973
Pb,184,82,102,183.988135634
Bi,184,83,101,184.001347
Yb,185,70,115,184.969425
Lu,185,71,114,184.963542
Hf,185,72,113,184.958862
Ta,185,73,112,184.955561317
W,185,74,111,184.953421206
Re,185,75,110,184.95295832
Os,185,76,109,184.954045969
Ir,185,77,108,184.956698
Pt,185,78,107,184.960613659
Au,185,79,106,184.965798871
Hg,185,80,105,184.971890696
Tl,185,81,104,184.978789189
Pb,185,82,103,184.98761
Bi,185,83,102,184.9976
Lu,186,71,115,185.96745
Hf,186,72,114,185.960897
Ta,186,73,113,185.958553036
W,186,74,112,185.95436514
Re,186,75,111,185.954989172
Os,186,76,110,185.953837569
Ir,186,77,109,185.957946754
Pt,186,78,108,185.959350845
Au,186,79,107,185.965952703
Hg,186,80,106,185.969362061
Tl,186,81,105,185.978654787
Pb,186,82,104,185.984239409
Bi,186,83,103,185.996623169
Po,186,84,102,186.004403174
Lu,187,71,116,186.970188
Hf,187,72,115,186.964573
Ta,187,73,114,186.960391
W,187,74,113,186.957161249
Re,187,75,112,186.955752217
Os,187,76,111,186.955749569
Ir,187,77,110,186.957542
Pt,187,78,109,186.960616646
Au,187,79,108,186.964542147
Hg,187,80,107,186.96981354
Tl,187,81,106,186.97590474
Pb,187,82,105,186.983910842
Bi,187,83,104,186.993147272
Po,187,84,103,187.003031482
Lu,188,71,117,187.974428
Hf,188,72,116,187.966903
Ta,188,73,115,187.963596
W,188,74,114,187.958488325
Re,188,75,113,187.958113658
Os,188,76,112,187.955837292
Ir,188,77,111,187.958834999
Pt,188,78,110,187.959397521
Au,188,79,109,187.965247966
Hg,188,80,108,187.967580738
Tl,188,81,107,187.976020886
Pb,188,82,106,187.980879079
Bi,188,83,105,187.992276064
Po,188,84,104,187.999415586
Hf,189,72,117,188.970853
Ta,189,73,116,188.96569
W,189,74,115,188.961557
Re,189,75,114,188.959227764
Os,189,76,113,188.958145949
Ir,189,77,112,188.958722602
Pt,189,78,111,188.960848485
Au,189,79,110,188.963948286
Hg,189,80,109,188.968194776
Tl,189,81,108,188.973573525
Pb,189,82,107,188.980843658
Bi,189,83,106,188.989195139
Po,189,84,105,188.998473425
Hf,190,72,118,189.973376
Ta,190,73,117,189.969168
W,190,74,116,189.963103542
Re,190,75,115,189.961800064
Os,190,76,114,189.958445442
Ir,190,77,113,189.960543374
Pt,190,78,112,189.959949823
Au,190,79,111,189.964751746
Hg,190,80,110,189.96632225
Tl,190,81,109,189.973841771
Pb,190,82,108,189.978081872
Bi,190,83,107,189.988624828
Po,190,84,106,189.995101731
Ta,191,73,118,190.97153
W,191,74,117,190.966531
Re,191,75,116,190.963123322
Os,191,76,115,190.960928105
Ir,191,77,114,190.960591455
Pt,191,78,113,190.961676261
Au,191,79,112,190.963716452
Hg,191,80,111,190.967158301
Tl,191,81,110,190.971784093
Pb,191,82,109,190.978216455
Bi,191,83,108,190.985786972
Po,191,84,107,190.994558494
At,191,85,106,191.004148081
Ta,192,73,119,191.975201
W,192,74,118,191.968202
Re,192,75,117,191.966088
Os,192,76,116,191.961478765
Ir,192,77,115,191.962602414
Pt,192,78,114,191.961042667
Au,192,79,113,191.964817615
Hg,192,80,112,191.965634263
Tl,192,81,111,191.972225
Pb,192,82,110,191.975789598
Bi,192,83,109,191.985470077
Po,192,84,108,191.991340274
At,192,85,107,192.003140912
Ta,193,73,120,192.97766
W,193,74,119,192.971884
Re,193,75,118,192.967545
Os,193,76,117,192.964149637
Ir,193,77,116,192.962923753
Pt,193,78,115,192.962984546
Au,193,79,114,192.964138442
Hg,193,80,113,192.966653395
Tl,193,81,112,192.970501994
Pb,193,82,111,192.976135914
Bi,193,83,110,192.98294722
Po,193,84,109,192.991062421
At,193,85,108,192.999927725
Rn,193,86,107,193.009707973
Ta,194,73,121,193.98161
W,194,74,120,193.973795
Re,194,75,119,193.970735
Os,194,76,118,193.965179407
Ir,194,77,117,193.965075703
Pt,194,78,116,193.962683498
Au,194,79,115,193.965419051
Hg,194,80,114,193.965449108
Tl,194,81,113,193.971081408
Pb,194,82,112,193.974011788
Bi,194,83,111,193.982798581
Po,194,84,110,193.988186058
At,194,85,109,193.999230816
Rn,194,86,108,194.006145636
W,195,74,121,194.977735
Re,195,75,120,194.97256
Os,195,76,119,194.968318
Ir,195,77,118,194.965976898
Pt,195,78,117,194.964794325
Au,195,79,116,194.965037823
Hg,195,80,115,194.966705809
Tl,195,81,114,194.969774052
Pb,195,82,113,194.974516167
Bi,195,83,112,194.980648759
Po,195,84,111,194.988065781
At,195,85,110,194.99627448
Rn,195,86,109,195.005421703
W,196,74,122,195.979882
Re,196,75,121,195.975996
Os,196,76,120,195.969643261
Ir,196,77,119,195.968399669
Pt,196,78,118,195.964954648
Au,196,79,117,195.966571213
Hg,196,80,116,195.965833445
Tl,196,81,115,195.970481189
Pb,196,82,114,195.972787552
Bi,196,83,113,195.980666509
Po,196,84,112,195.985540722
At,196,85,111,195.995799034
Rn,196,86,110,196.002120431
W,197,74,123,196.984036
Re,197,75,122,196.978153
Os,197,76,121,196.973076
Ir,197,77,120,196.969657217
Pt,197,78,119,196.96734303
Au,197,79,118,196.966570103
Hg,197,80,117,196.967213715
Tl,197,81,116,196.969560492
Pb,197,82,115,196.973434737
Bi,197,83,114,196.978864927
Po,197,84,113,196.985621939
At,197,85,112,196.993177353
Rn,197,86,111,197.001621446
Fr,197,87,110,197.011008086
Re,198,75,123,197.98176
Os,198,76,122,197.974664
Ir,198,77,121,197.972399
Pt,198,78,120,197.967896718
Au,198,79,119,197.968243714
Hg,198,80,118,197.966769177
Tl,198,81,117,197.970446669
Pb,198,82,116,197.97201545
Bi,198,83,115,197.979201316
Po,198,84,114,197.983388753
At,198,85,113,197.992797864
Rn,198,86,112,197.998679197
Fr,198,87,111,198.010282081
Re,199,75,124,198.984187
Os,199,76,123,198.978239
Ir,199,77,122,198.973807097
Pt,199,78,121,198.970597022
Au,199,79,120,198.968766573
Hg,199,80,119,198.968280994
Tl,199,81,118,198.969877
Pb,199,82,117,198.97291262
Bi,199,83,116,198.977672841
Po,199,84,115,198.983640445
At,199,85,114,198.990527715
Rn,199,86,113,198.998325436
Fr,199,87,112,199.007269384
Os,200,76,124,199.980086
Ir,200,77,123,199.976844
Pt,200,78,122,199.971444609
Au,200,79,121,199.970756558
Hg,200,80,120,199.968326941
Tl,200,81,119,199.970963608
Pb,200,82,118,199.971818546
Bi,200,83,117,199.97813129
Po,200,84,116,199.981812355
At,200,85,115,199.990351099
Rn,200,86,114,199.995705335
Fr,200,87,113,200.006584666
Os,201,76,125,200.984069
Ir,201,77,124,200.978701
Pt,201,78,123,200.974513305
Au,201,79,122,200.971657678
Hg,201,80,121,200.970303054
Tl,201,81,120,200.970820235
Pb,201,82,119,200.972870431
Bi,201,83,118,200.976995017
Po,201,84,117,200.982263799
At,201,85,116,200.988417058
Rn,201,86,115,200.995590511
Fr,201,87,114,201.003852491
Ra,201,88,113,201.012814699
Os,202,76,126,201.986548
Ir,202,77,125,201.982136
Pt,202,78,124,201.975639
Au,202,79,123,201.973856
Hg,202,80,122,201.970643604
Tl,202,81,121,201.972108874
Pb,202,82,120,201.972151613
Bi,202,83,119,201.977723042
Po,202,84,118,201.980738934
At,202,85,117,201.988625686
Rn,202,86,116,201.993263982
Fr,202,87,115,202.003329637
Ra,202,88,114,202.009742305
Os,203,76,127,202.992195
Ir,203,77,126,202.984573
Pt,203,78,125,202.979055
Au,203,79,124,202.975154492
Hg,203,80,123,202.972872396
Tl,203,81,122,202.972344098
Pb,203,82,121,202.973390617
Bi,203,83,120,202.976892077
Po,203,84,119,202.981416072
At,203,85,118,202.986942904
Rn,203,86,117,202.993361155
Fr,203,87,116,203.000940867
Ra,203,88,115,203.009233907
Ir,204,77,127,203.989726
Pt,204,78,126,203.981084
Au,204,79,125,203.97811
Hg,204,80,124,203.973494037
Tl,204,81,123,203.97386342
Pb,204,82,122,203.973043506
Bi,204,83,121,203.977835687
Po,204,84,120,203.980310078
At,204,85,119,203.987251393
Rn,204,86,118,203.991443729
Fr,204,87,117,204.000651972
Ra,204,88,116,204.006506855
Ir,205,77,128,204.993988
Pt,205,78,127,204.986237
Au,205,79,126,204.980064
Hg,205,80,125,204.976073151
Tl,205,81,124,204.974427318
Pb,205,82,123,204.974481682
Bi,205,83,122,204.977385182
Po,205,84,121,204.981190006
At,205,85,120,204.986060546
Rn,205,86,119,204.991723228
Fr,205,87,118,204.998593854
Ra,205,88,117,205.006230692
Ac,205,89,116,205.015144152
Pt,206,78,128,205.99008
Au,206,79,127,205.984766
Hg,206,80,126,205.977513837
Tl,206,81,125,205.976110108
Pb,206,82,124,205.97446521
Bi,206,83,123,205.978498843
Po,206,84,122,205.980473662
At,206,85,121,205.986645768
Rn,206,86,120,205.990195409
Fr,206,87,119,205.998661441
Ra,206,88,118,206.003827842
Ac,206,89,117,206.014476477
Pt,207,78,129,206.995556
Au,207,79,128,206.988577
Hg,207,80,127,206.9823
Tl,207,81,126,206.977418605
Pb,207,82,125,206.975896821
Bi,207,83,124,206.978470551
Po,207,84,123,206.981593334
At,207,85,122,206.985799715
Rn,207,86,121,206.990730224
Fr,207,87,120,206.99694145
Ra,207,88,119,207.00377242
Ac,207,89,118,207.011965967
Pt,208,78,130,207.999463
Au,208,79,129,207.993655
Hg,208,80,128,207.985759
Tl,208,81,127,207.982018006
Pb,208,82,126,207.976652005
Bi,208,83,125,207.97974206
Po,208,84,124,207.981246035
At,208,85,123,207.986613011
Rn,208,86,122,207.989634513
Fr,208,87,121,207.997139082
Ra,208,88,120,208.001855012
Ac,208,89,119,208.011552251
Th,208,90,118,208.017915348
Au,209,79,130,208.997606
Hg,209,80,129,208.990757
Tl,209,81,128,208.985351713
Pb,209,82,127,208.981089978
Bi,209,83,126,208.980398599
Po,209,84,125,208.982430361
At,209,85,124,208.986168701
Rn,209,86,123,208.990401389
Fr,209,87,122,208.995939701
Ra,209,88,121,209.001994902
Ac,209,89,120,209.009495375
Th,209,90,119,209.017601
Au,210,79,131,210.002877
Hg,210,80,130,209.99431
Tl,210,81,129,209.990072942
Pb,210,82,128,209.984188381
Bi,210,83,127,209.984120237
Po,210,84,126,209.982873686
At,210,85,125,209.987147423
Rn,210,86,124,209.989688862
Fr,210,87,123,209.996410596
Ra,210,88,122,210.000475406
Ac,210,89,121,210.009408625
Th,210,90,120,210.015093515
Hg,211,80,131,210.999581
Tl,211,81,130,210.993475
Pb,211,82,129,210.988735288
Bi,211,83,128,210.987268715
Po,211,84,127,210.986653171
At,211,85,126,210.987496226
Rn,211,86,125,210.990600767
Fr,211,87,124,210.995555189
Ra,211,88,123,211.000893049
Ac,211,89,122,211.007668846
Th,211,90,121,211.014896923
Pa,211,91,120,211.023674036
Hg,212,80,132,212.003242
Tl,212,81,131,211.998335
Pb,212,82,130,211.991895891
Bi,212,83,129,211.99128503
Po,212,84,128,211.988867982
At,212,85,127,211.990737301
Rn,212,86,126,211.990703946
Fr,212,87,125,211.99622542
Ra,212,88,124,211.999786619
Ac,212,89,123,212.007836442
Th,212,90,122,212.01300157
Pa,212,91,121,212.023184819
Hg,213,80,133,213.008803
Tl,213,81,132,213.001915
Pb,213,82,131,212.996560796
Bi,213,83,130,212.99438357
Po,213,84,129,212.992857154
At,213,85,128,212.992936593
Rn,213,86,127,212.993885147
Fr,213,87,126,212.99618441
Ra,213,88,125,213.000370971
Ac,213,89,124,213.006592665
Th,213,90,123,213.01301147
Pa,213,91,122,213.021099644
Hg,214,80,134,214.012636
Tl,214,81,133,214.00694
Pb,214,82,132,213.999803521
Bi,214,83,131,213.998710909
Po,214,84,130,213.995201287
At,214,85,129,213.996372331
Rn,214,86,128,213.99536265
Fr,214,87,127,213.998971193
Ra,214,88,126,214.00009956
Ac,214,89,125,214.0069064
Th,214,90,124,214.01148148
Pa,214,91,123,214.020891055
Hg,215,80,135,215.018368
Tl,215,81,134,215.010768
Pb,215,82,133,215.004661591
Bi,215,83,132,215.001749095
Po,215,84,131,214.999418385
At,215,85,130,214.998651002
Rn,215,86,129,214.998745037
Fr,215,87,128,215.000341534
Ra,215,88,127,215.002718208
Ac,215,89,126,215.006474061
Th,215,90,125,215.01172464
Pa,215,91,124,215.019113955
U,215,92,123,215.026719774
Hg,216,80,136,216.022459
Tl,216,81,135,216.015964
Pb,216,82,134,216.008062
Bi,216,83,133,216.006305985
Po,216,84,132,216.001913416
At,216,85,131,216.002422643
Rn,216,86,130,216.000271942
Fr,216,87,129,216.003189523
Ra,216,88,128,216.003533534
Ac,216,89,127,216.008749101
Th,216,90,126,216.011055933
Pa,216,91,125,216.019134633
U,216,92,124,216.024762829
Tl,217,81,136,217.020032
Pb,217,82,135,217.013162
Bi,217,83,134,217.009372
Po,217,84,133,217.006316145
At,217,85,132,217.004717794
Rn,217,86,131,217.003927632
Fr,217,87,130,217.00463198
Ra,217,88,129,217.006322676
Ac,217,89,128,217.009342325
Th,217,90,127,217.013103443
Pa,217,91,126,217.018309024
U,217,92,125,217.02466
Tl,218,81,137,218.025454
Pb,218,82,136,218.016779
Bi,218,83,135,218.014188
Po,218,84,134,218.008971234
At,218,85,133,218.008695941
Rn,218,86,132,218.005601123
Fr,218,87,131,218.00757862
Ra,218,88,130,218.007134297
Ac,218,89,129,218.01164886
Th,218,90,128,218.013276248
Pa,218,91,127,218.020021133
U,218,92,126,218.023504877
Pb,219,82,137,219.022136
Bi,219,83,136,219.01752
Po,219,84,135,219.013614
At,219,85,134,219.011160587
Rn,219,86,133,219.009478683
Fr,219,87,132,219.009250664
Ra,219,88,131,219.010084715
Ac,219,89,130,219.012420425
Th,219,90,129,219.015526432
Pa,219,91,128,219.019949909
U,219,92,127,219.025009233
Np,219,93,126,219.031601865
Pb,220,82,138,220.025905
Bi,220,83,137,220.022501
Po,220,84,136,220.016386
At,220,85,135,220.015433
Rn,220,86,134,220.011392443
Fr,220,87,133,220.012326789
Ra,220,88,132,220.011027542
Ac,220,89,131,220.014754527
Th,220,90,130,220.015769866
Pa,220,91,129,220.021769753
U,220,92,128,220.024706
Np,220,93,127,220.03271628
Bi,221,83,138,221.02598
Po,221,84,137,221.021228
At,221,85,136,221.018017
Rn,221,86,135,221.015535637
Fr,221,87,134,221.014253714
Ra,221,88,133,221.013917293
Ac,221,89,132,221.015599721
Th,221,90,131,221.018185757
Pa,221,91,130,221.021873393
U,221,92,129,221.026323297
Np,221,93,128,221.03211
Pu,221,94,127,221.038572
Bi,222,83,139,222.031079
Po,222,84,138,222.02414
At,222,85,137,222.022494
Rn,222,86,136,222.017576017
Fr,222,87,135,222.017582615
Ra,222,88,134,222.015373371
Ac,222,89,133,222.017844232
Th,222,90,132,222.01846822
Pa,222,91,131,222.023687064
U,222,92,130,222.026057957
Np,222,93,129,222.033574706
Pu,222,94,128,222.037638
Bi,223,83,140,223.034611
Po,223,84,139,223.02907
At,223,85,138,223.025151
Rn,223,86,137,223.021889283
Fr,223,87,136,223.019734241
Ra,223,88,135,223.018500648
Ac,223,89,134,223.019135982
Th,223,90,133,223.020811083
Pa,223,91,132,223.023980414
U,223,92,131,223.027960754
Np,223,93,130,223.03291334
Pu,223,94,129,223.038777
Am,223,95,128,223.04584
Bi,224,83,141,224.039796
Po,224,84,140,224.03211
At,224,85,139,224.029749
Rn,224,86,138,224.024095803
Fr,224,87,137,224.023348096
Ra,224,88,136,224.020210361
Ac,224,89,135,224.021722249
Th,224,90,134,224.021466137
Pa,224,91,133,224.025617286
U,224,92,132,224.027635913
Np,224,93,131,224.03438803
Pu,224,94,130,224.037875
Am,224,95,129,224.046442
Po,225,84,141,225.037123
At,225,85,140,225.032528
Rn,225,86,139,225.028485572
Fr,225,87,138,225.025572466
Ra,225,88,137,225.023610502
Ac,225,89,136,225.023228601
Th,225,90,135,225.023950975
Pa,225,91,134,225.026147927
U,225,92,133,225.02938505
Np,225,93,132,225.033943422
Pu,225,94,131,225.03897
Am,225,95,130,225.045508
Po,226,84,142,226.04031
At,226,85,141,226.037209
Rn,226,86,140,226.03086138
Fr,226,87,139,226.029544512
Ra,226,88,138,226.025408186
Ac,226,89,137,226.026096999
Th,226,90,136,226.024903699
Pa,226,91,135,226.027948217
U,226,92,134,226.029338669
Np,226,93,133,226.035230364
Pu,226,94,132,226.03825
Am,226,95,131,226.04613
Po,227,84,143,227.04539
At,227,85,142,227.040183
Rn,227,86,141,227.035304393
Fr,227,87,140,227.031865413
Ra,227,88,139,227.029176205
Ac,227,89,138,227.027750594
Th,227,90,137,227.027702546
Pa,227,91,136,227.028803586
U,227,92,135,227.031181124
Np,227,93,134,227.034975012
Pu,227,94,133,227.039474
Am,227,95,132,227.045282
At,228,85,143,228.04496
Rn,228,86,142,228.037835415
Fr,228,87,141,228.035839433
Ra,228,88,140,228.031068574
Ac,228,89,139,228.031019685
Th,228,90,138,228.028739741
Pa,228,91,137,228.031050758
U,228,92,136,228.031368959
Np,228,93,135,228.036313
Pu,228,94,134,228.038763325
Am,228,95,133,228.046001
At,229,85,144,229.048191
Rn,229,86,143,229.042257272
Fr,229,87,142,229.038291443
Ra,229,88,141,229.034956703
Ac,229,89,140,229.032947
Th,229,90,139,229.031761357
Pa,229,91,138,229.032095585
U,229,92,137,229.033505976
Np,229,93,136,229.036287269
Pu,229,94,135,229.040145099
Am,229,95,134,229.045282534
Rn,230,86,144,230.045271
Fr,230,87,143,230.042390787
Ra,230,88,142,230.037054776
Ac,230,89,141,230.036327
Th,230,90,140,230.033132267
Pa,230,91,139,230.034539717
U,230,92,138,230.033940114
Np,230,93,137,230.03782806
Pu,230,94,136,230.039648313
Am,230,95,135,230.046025
Rn,231,86,145,231.049973
Fr,231,87,144,231.045175353
Ra,231,88,143,231.041027085
Ac,231,89,142,231.038393
Th,231,90,141,231.036302764
Pa,231,91,140,231.0358825
U,231,92,139,231.03629218
Np,231,93,138,231.038243598
Pu,231,94,137,231.041125946
Am,231,95,136,231.045529
Cm,231,96,135,231.050746
Fr,232,87,145,232.049461219
Ra,232,88,144,232.043475267
Ac,232,89,143,232.042034
Th,232,90,142,232.038053606
Pa,232,91,141,232.038590205
U,232,92,140,232.037154765
Np,232,93,139,232.040107
Pu,232,94,138,232.041182133
Am,232,95,137,232.046613
Cm,232,96,136,232.04974
Fr,233,87,146,233.052517833
Ra,233,88,145,233.04759457
Ac,233,89,144,233.044346
Th,233,90,143,233.041580126
Pa,233,91,142,233.040246535
U,233,92,141,233.039634294
Np,233,93,140,233.040739421
Pu,233,94,139,233.042997411
Am,233,95,138,233.046468
Cm,233,96,137,233.050771485
Bk,233,97,136,233.056652
Ra,234,88,146,234.0503821
Ac,234,89,145,234.048139
Th,234,90,144,234.043599801
Pa,234,91,143,234.043305555
U,234,92,142,234.040950296
Np,234,93,141,234.042893245
Pu,234,94,140,234.043317489
Am,234,95,139,234.047731
Cm,234,96,138,234.050158568
Bk,234,97,137,234.057322
Ra,235,88,147,235.05489
Ac,235,89,146,235.05084
Th,235,90,145,235.047255
Pa,235,91,144,235.045399
U,235,92,143,235.043928117
Np,235,93,142,235.044061518
Pu,235,94,141,235.045284609
Am,235,95,140,235.047906478
Cm,235,96,139,235.051545
Bk,235,97,138,235.056651
Ac,236,89,147,236.054988
Th,236,90,146,236.049657
Pa,236,91,145,236.048668
U,236,92,144,236.04556613
Np,236,93,143,236.046568296
Pu,236,94,142,236.046056661
Am,236,95,141,236.049427
Cm,236,96,140,236.051372112
Bk,236,97,139,236.057479
Ac,237,89,148,237.057993
Th,237,90,147,237.053629
Pa,237,91,146,237.051023
U,237,92,145,237.048728309
Np,237,93,144,237.04817164
Pu,237,94,143,237.048407888
Am,237,95,142,237.049995
Cm,237,96,141,237.052868988
Bk,237,97,140,237.057123
Cf,237,98,139,237.062199272
Th,238,90,148,238.056388
Pa,238,91,147,238.054637
U,238,92,146,238.050786936
Np,238,93,145,238.050944603
Pu,238,94,144,238.049558175
Am,238,95,143,238.051982531
Cm,238,96,142,238.053081606
Bk,238,97,141,238.058204
Cf,238,98,140,238.06149
Th,239,90,149,239.060655
Pa,239,91,148,239.05726
U,239,92,147,239.054291989
Np,239,93,146,239.052937538
Pu,239,94,145,239.052161596
Am,239,95,144,239.053022729
Cm,239,96,143,239.054908519
Bk,239,97,142,239.058239
Cf,239,98,141,239.062482
Es,239,99,140,239.06831
Pa,240,91,149,240.061203
U,240,92,148,240.056592411
Np,240,93,147,240.056163778
Pu,240,94,146,240.05381174
Am,240,95,145,240.055298374
Cm,240,96,144,240.055528233
Bk,240,97,143,240.059758
Cf,240,98,142,240.062253447
Es,240,99,141,240.068949
Pa,241,91,150,241.064134
U,241,92,149,241.06033
Np,241,93,148,241.058309671
Pu,241,94,147,241.056849651
Am,241,95,146,241.056827343
Cm,241,96,145,241.057651218
Bk,241,97,144,241.060098
Cf,241,98,143,241.06369
Es,241,99,142,241.068592
Fm,241,100,141,241.074311
U,242,92,150,242.062931
Np,242,93,149,242.061639548
Pu,242,94,148,242.058740979
Am,242,95,147,242.059547358
Cm,242,96,146,242.058834187
Bk,242,97,145,242.061999
Cf,242,98,144,242.063754544
Es,242,99,143,242.069567
Fm,242,100,142,242.07343
U,243,92,151,243.067075
Np,243,93,150,243.064204
Pu,243,94,149,243.062002068
Am,243,95,148,243.061379889
Cm,243,96,147,243.061387329
Bk,243,97,146,243.063005905
Cf,243,98,145,243.065475
Es,243,99,144,243.069508
Fm,243,100,143,243.074414
Np,244,93,151,244.067891
Pu,244,94,150,244.064204401
Am,244,95,149,244.064282892
Cm,244,96,148,244.062750622
Bk,244,97,147,244.065178969
Cf,244,98,146,244.065999447
Es,244,99,145,244.070881
Fm,244,100,144,244.074036
Md,244,101,143,244.081157
Np,245,93,152,245.070693
Pu,245,94,151,245.067824554
Am,245,95,150,245.066452827
Cm,245,96,149,245.065491047
Bk,245,97,148,245.066359814
Cf,245,98,147,245.068046755
Es,245,99,146,245.071192
Fm,245,100,145,245.075354
Md,245,101,144,245.080864
Pu,246,94,152,246.070204172
Am,246,95,151,246.069774
Cm,246,96,150,246.067222016
Bk,246,97,149,246.0686713
Cf,246,98,148,246.068803685
Es,246,99,147,246.072806474
Fm,246,100,146,246.075353334
Md,246,101,145,246.081713
Pu,247,94,153,247.0743
Am,247,95,152,247.072092
Cm,247,96,151,247.070352678
Bk,247,97,150,247.070305889
Cf,247,98,149,247.070971348
Es,247,99,148,247.073621929
Fm,247,100,147,247.076944
Md,247,101,146,247.08152
Am,248,95,153,248.075752
Cm,248,96,152,248.072349086
Bk,248,97,151,248.073141689
Cf,248,98,150,248.072182905
Es,248,99,149,248.075469
Fm,248,100,148,248.077185451
Md,248,101,147,248.082607
No,248,102,146,248.086623
Am,249,95,154,249.07848
Cm,249,96,153,249.075953992
Bk,249,97,152,249.074983118
Cf,249,98,151,249.074850428
Es,249,99,150,249.076409
Fm,249,100,149,249.078926042
Md,249,101,148,249.082857155
No,249,102,147,249.087802
Cm,250,96,154,250.078357541
Bk,250,97,153,250.078317195
Cf,250,98,152,250.076404494
Es,250,99,151,250.078611
Fm,250,100,150,250.079519765
Md,250,101,149,250.084164934
No,250,102,148,250.087565
Cm,251,96,155,251.082284988
Bk,251,97,154,251.080760555
Cf,251,98,153,251.079587171
Es,251,99,152,251.079991431
Fm,251,100,151,251.08154513
Md,251,101,150,251.084774287
No,251,102,149,251.088942
Lr,251,103,148,251.094289
Cm,252,96,156,252.08487
Bk,252,97,155,252.08431
Cf,252,98,154,252.081626507
Es,252,99,153,252.082979173
Fm,252,100,152,252.082466019
Md,252,101,151,252.086385
No,252,102,150,252.08896607
Lr,252,103,149,252.095048
Bk,253,97,156,253.08688
Cf,253,98,155,253.085133723
Es,253,99,154,253.084821241
Fm,253,100,153,253.085180945
Md,253,101,152,253.087143
No,253,102,151,253.09056278
Lr,253,103,150,253.09503385
Rf,253,104,149,253.100528
Bk,254,97,157,254.0906
Cf,254,98,156,254.087323575
Es,254,99,155,254.088024337
Fm,254,100,154,254.086852424
Md,254,101,153,254.08959
No,254,102,152,254.090954211
Lr,254,103,151,254.096238813
Rf,254,104,150,254.100055
Cf,255,98,157,255.091046
Es,255,99,156,255.090273504
Fm,255,100,155,255.089963495
Md,255,101,154,255.091081702
No,255,102,153,255.093196439
Lr,255,103,152,255.096562399
Rf,255,104,151,255.101267
Db,255,105,150,255.106919
Cf,256,98,158,256.093442
Es,256,99,157,256.093597
Fm,256,100,156,256.091771699
Md,256,101,155,256.093888
No,256,102,154,256.094281912
Lr,256,103,153,256.098494024
Rf,256,104,152,256.101151464
Db,256,105,151,256.107674
Es,257,99,158,257.095979
Fm,257,100,157,257.095105419
Md,257,101,156,257.095537343
No,257,102,155,257.096884203
Lr,257,103,154,257.09948
Rf,257,104,153,257.102916796
Db,257,105,152,257.107520042
Es,258,99,159,258.09952
Fm,258,100,158,258.097077
Md,258,101,157,258.098433634
No,258,102,156,258.098205
Lr,258,103,155,258.101753
Rf,258,104,154,258.103429895
Db,258,105,153,258.108972995
Sg,258,106,152,258.11304
Fm,259,100,159,259.100596
Md,259,101,158,259.100445
No,259,102,157,259.100998364
Lr,259,103,156,259.1029
Rf,259,104,155,259.105601
Db,259,105,154,259.109491859
Sg,259,106,153,259.114353
Fm,260,100,160,260.102809
Md,260,101,159,260.10365
No,260,102,158,260.102641
Lr,260,103,157,260.105504
Rf,260,104,156,260.10644
Db,260,105,155,260.111297
Sg,260,106,154,260.114383435
Bh,260,107,153,260.121443
Md,261,101,160,261.105828
No,261,102,159,261.105696
Lr,261,103,158,261.106879
Rf,261,104,157,261.108769591
Db,261,105,156,261.111979
Sg,261,106,155,261.115948135
Bh,261,107,154,261.121395733
Md,262,101,161,262.109144
No,262,102,160,262.107463
Lr,262,103,159,262.109615
Rf,262,104,158,262.109923
Db,262,105,157,262.114067
Sg,262,106,156,262.116338978
Bh,262,107,155,262.122654688
No,263,102,161,263.110714
Lr,263,103,160,263.111293
Rf,263,104,159,263.112461
Db,263,105,158,263.114987
Sg,263,106,157,263.118299
Bh,263,107,156,263.122916
Hs,263,108,155,263.128479
No,264,102,162,264.112734
Lr,264,103,161,264.114198
Rf,264,104,160,264.113876
Db,264,105,159,264.117297
Sg,264,106,158,264.11893
Bh,264,107,157,264.124486
Hs,264,108,156,264.12835633
Lr,265,103,162,265.116193
Rf,265,104,161,265.116683
Db,265,105,160,265.1185
Sg,265,106,159,265.121089
Bh,265,107,158,265.124955
Hs,265,108,157,265.129791744
Mt,265,109,156,265.135937
Lr,266,103,163,266.119874
Rf,266,104,162,266.118236
Db,266,105,161,266.121032
Sg,266,106,160,266.121973
Bh,266,107,159,266.12679
Hs,266,108,158,266.130048783
Mt,266,109,157,266.137062253
Rf,267,104,163,267.121787
Db,267,105,162,267.122399
Sg,267,106,161,267.124323
Bh,267,107,160,267.127499
Hs,267,108,159,267.131678
Mt,267,109,158,267.137189
Ds,267,110,157,267.143726
Rf,268,104,164,268.123968
Db,268,105,163,268.125669
Sg,268,106,162,268.125389
Bh,268,107,161,268.129584
Hs,268,108,160,268.132011
Mt,268,109,159,268.138649
Ds,268,110,158,268.143477
Db,269,105,164,269.127911
Sg,269,106,163,269.128495
Bh,269,107,162,269.130411
Hs,269,108,161,269.133649
Mt,269,109,160,269.138809
Ds,269,110,159,269.144750965
Db,270,105,165,270.131399
Sg,270,106,164,270.130362
Bh,270,107,163,270.133366
Hs,270,108,162,270.134313
Mt,270,109,161,270.140322
Ds,270,110,160,270.14458662
Sg,271,106,165,271.133782
Bh,271,107,164,271.135115
Hs,271,108,163,271.137082
Mt,271,109,162,271.140741
Ds,271,110,161,271.145951
Sg,272,106,166,272.135825
Bh,272,107,165,272.138259
Hs,272,108,164,272.138492
Mt,272,109,163,272.143298
Ds,272,110,162,272.146091
Rg,272,111,161,272.153273
Sg,273,106,167,273.139475
Bh,273,107,166,273.140294
Hs,273,108,165,273.141458
Mt,273,109,164,273.144695
Ds,273,110,163,273.148455
Rg,273,111,162,273.153393
Bh,274,107,167,274.143599
Hs,274,108,166,274.143217
Mt,274,109,165,274.147343
Ds,274,110,164,274.149434
Rg,274,111,163,274.155247
Bh,275,107,168,275.145766
Hs,275,108,167,275.14653
Mt,275,109,166,275.148972
Ds,275,110,165,275.152085
Rg,275,111,164,275.156088
Bh,276,107,169,276.149169
Hs,276,108,168,276.148348
Mt,276,109,167,276.151705
Ds,276,110,166,276.153022
Rg,276,111,165,276.158226
Cn,276,112,164,276.161418
Bh,277,107,170,277.151477
Hs,277,108,169,277.151772
Mt,277,109,168,277.153525
Ds,277,110,167,277.155763
Rg,277,111,166,277.159322
Cn,277,112,165,277.163535
Bh,278,107,171,278.154988
Hs,278,108,170,278.153753
Mt,278,109,169,278.156487
Ds,278,110,168,278.157007
Rg,278,111,167,278.16159
Cn,278,112,166,278.164083
Nh,278,113,165,278.170725
Hs,279,108,171,279.157274
Mt,279,109,170,279.158439
Ds,279,110,169,279.159984
Rg,279,111,168,279.16288
Cn,279,112,167,279.166422
Nh,279,113,166,279.171187
Hs,280,108,172,280.159335
Mt,280,109,171,280.161579
Ds,280,110,170,280.161375
Rg,280,111,169,280.165204
Cn,280,112,168,280.167102
Nh,280,113,167,280.173098
Mt,281,109,172,281.163608
Ds,281,110,171,281.164545
Rg,281,111,170,281.166757
Cn,281,112,169,281.169563
Nh,281,113,168,281.17371
Mt,282,109,173,282.166888
Ds,282,110,172,282.166174
Rg,282,111,171,282.169343
Cn,282,112,170,282.170507
Nh,282,113,169,282.17577
Ds,283,110,173,283.169437
Rg,283,111,172,283.171101
Cn,283,112,171,283.173202
Nh,283,113,170,283.176666
Ds,284,110,174,284.171187
Rg,284,111,173,284.173882
Cn,284,112,172,284.17436
Nh,284,113,171,284.178843
Fl,284,114,170,284.181192
Rg,285,111,174,285.175771
Cn,285,112,173,285.177227
Nh,285,113,172,285.180106
Fl,285,114,171,285.183503
Rg,286,111,175,286.178756
Cn,286,112,174,286.178691
Nh,286,113,173,286.182456
Fl,286,114,172,286.184226
Cn,287,112,175,287.181826
Nh,287,113,174,287.184064
Fl,287,114,173,287.18672
Mc,287,115,172,287.19082
Cn,288,112,176,288.183501
Nh,288,113,175,288.186764
Fl,288,114,174,288.187781
Mc,288,115,173,288.192879
Nh,289,113,176,289.188461
Fl,289,114,175,289.190517
Mc,289,115,174,289.193971
Lv,289,116,173,289.198023
Nh,290,113,177,290.191429
Fl,290,114,176,290.191875
Mc,290,115,175,290.196235
Lv,290,116,174,290.198635
Fl,291,114,177,291.194848
Mc,291,115,176,291.197725
Lv,291,116,175,291.201014
Ts,291,117,174,291.205748
Mc,292,115,177,292.200323
Lv,292,116,176,292.201969
Ts,292,117,175,292.207861
Lv,293,116,177,293.204583
Ts,293,117,176,293.208727
Og,293,118,175,293.213423
Ts,294,117,177,294.21084
Og,294,118,176,294.213979
Og,295,118,177,295.216178
