CAV_ERROR[6] 0.0 0.0 0.0 0.0 0.0 -3.6045 0.0 0.0
CAV_ERROR[11] 0.0 0.0 0.0 0.0 0.0 -2.61522 0.0 0.0
CAV_ERROR[16] 0.0 0.0 0.0 0.0 0.0 -0.11565 0.0 0.0
CAV_ERROR[21] 0.0 0.0 0.0 0.0 0.0 3.92482 0.0 0.0
CAV_ERROR[26] 0.0 0.0 0.0 0.0 0.0 -2.86719 0.0 0.0
CAV_ERROR[35] 0.0 0.0 0.0 0.0 0.0 -2.70986 0.0 0.0
CAV_ERROR[40] 0.0 0.0 0.0 0.0 0.0 -3.4066 0.0 0.0
CAV_ERROR[45] 0.0 0.0 0.0 0.0 0.0 -0.41786 0.0 0.0
CAV_ERROR[50] 0.0 0.0 0.0 0.0 0.0 -1.03715 0.0 0.0
CAV_ERROR[55] 0.0 0.0 0.0 0.0 0.0 -0.19879 0.0 0.0
CAV_ERROR[64] 0.0 0.0 0.0 0.0 0.0 -1.1566 0.0 0.0
CAV_ERROR[69] 0.0 0.0 0.0 0.0 0.0 -2.84985 0.0 0.0
CAV_ERROR[74] 0.0 0.0 0.0 0.0 0.0 2.18537 0.0 0.0
CAV_ERROR[79] 0.0 0.0 0.0 0.0 0.0 -2.75045 0.0 0.0
CAV_ERROR[84] 0.0 0.0 0.0 0.0 0.0 -3.42923 0.0 0.0
CAV_ERROR[93] 0.0 0.0 0.0 0.0 0.0 -0.5175 0.0 0.0
CAV_ERROR[98] 0.0 0.0 0.0 0.0 0.0 -3.65317 0.0 0.0
CAV_ERROR[103] 0.0 0.0 0.0 0.0 0.0 3.90514 0.0 0.0
CAV_ERROR[108] 0.0 0.0 0.0 0.0 0.0 -1.94236 0.0 0.0
CAV_ERROR[113] 0.0 0.0 0.0 0.0 0.0 -0.91106 0.0 0.0
CAV_ERROR[122] 0.0 0.0 0.0 0.0 0.0 -3.69247 0.0 0.0
CAV_ERROR[127] 0.0 0.0 0.0 0.0 0.0 2.07111 0.0 0.0
CAV_ERROR[132] 0.0 0.0 0.0 0.0 0.0 3.76638 0.0 0.0
CAV_ERROR[137] 0.0 0.0 0.0 0.0 0.0 1.00047 0.0 0.0
CAV_ERROR[142] 0.0 0.0 0.0 0.0 0.0 -3.74167 0.0 0.0
CAV_ERROR[151] 0.0 0.0 0.0 0.0 0.0 1.319 0.0 0.0
CAV_ERROR[156] 0.0 0.0 0.0 0.0 0.0 -0.1536 0.0 0.0
CAV_ERROR[161] 0.0 0.0 0.0 0.0 0.0 -2.52792 0.0 0.0
CAV_ERROR[166] 0.0 0.0 0.0 0.0 0.0 3.18495 0.0 0.0
CAV_ERROR[171] 0.0 0.0 0.0 0.0 0.0 -0.06731 0.0 0.0
CAV_ERROR[179] 0.0 0.0 0.0 0.0 0.0 -2.14798 0.0 0.0
CAV_ERROR[181] 0.0 0.0 0.0 0.0 0.0 -1.15403 0.0 0.0
CAV_ERROR[183] 0.0 0.0 0.0 0.0 0.0 3.71051 0.0 0.0
CAV_ERROR[190] 0.0 0.0 0.0 0.0 0.0 -1.47362 0.0 0.0
CAV_ERROR[192] 0.0 0.0 0.0 0.0 0.0 0.63492 0.0 0.0
CAV_ERROR[194] 0.0 0.0 0.0 0.0 0.0 -2.05548 0.0 0.0
CAV_ERROR[201] 0.0 0.0 0.0 0.0 0.0 0.04269 0.0 0.0
CAV_ERROR[203] 0.0 0.0 0.0 0.0 0.0 1.34076 0.0 0.0
CAV_ERROR[205] 0.0 0.0 0.0 0.0 0.0 -1.71448 0.0 0.0
CAV_ERROR[212] 0.0 0.0 0.0 0.0 0.0 0.36013 0.0 0.0
CAV_ERROR[214] 0.0 0.0 0.0 0.0 0.0 -0.79121 0.0 0.0
CAV_ERROR[216] 0.0 0.0 0.0 0.0 0.0 0.30426 0.0 0.0
CAV_ERROR[223] 0.0 0.0 0.0 0.0 0.0 -1.39556 0.0 0.0
CAV_ERROR[225] 0.0 0.0 0.0 0.0 0.0 3.64985 0.0 0.0
CAV_ERROR[227] 0.0 0.0 0.0 0.0 0.0 1.39957 0.0 0.0
CAV_ERROR[234] 0.0 0.0 0.0 0.0 0.0 1.96038 0.0 0.0
CAV_ERROR[236] 0.0 0.0 0.0 0.0 0.0 -3.67749 0.0 0.0
CAV_ERROR[238] 0.0 0.0 0.0 0.0 0.0 2.65433 0.0 0.0
CAV_ERROR[245] 0.0 0.0 0.0 0.0 0.0 -3.10002 0.0 0.0
CAV_ERROR[247] 0.0 0.0 0.0 0.0 0.0 3.58128 0.0 0.0
CAV_ERROR[249] 0.0 0.0 0.0 0.0 0.0 0.11736 0.0 0.0
CAV_ERROR[256] 0.0 0.0 0.0 0.0 0.0 -3.90175 0.0 0.0
CAV_ERROR[258] 0.0 0.0 0.0 0.0 0.0 2.53733 0.0 0.0
CAV_ERROR[260] 0.0 0.0 0.0 0.0 0.0 0.61933 0.0 0.0
CAV_ERROR[267] 0.0 0.0 0.0 0.0 0.0 1.51812 0.0 0.0
CAV_ERROR[269] 0.0 0.0 0.0 0.0 0.0 2.42902 0.0 0.0
CAV_ERROR[271] 0.0 0.0 0.0 0.0 0.0 -2.4441 0.0 0.0
CAV_ERROR[278] 0.0 0.0 0.0 0.0 0.0 -2.35786 0.0 0.0
CAV_ERROR[280] 0.0 0.0 0.0 0.0 0.0 -1.04293 0.0 0.0
CAV_ERROR[282] 0.0 0.0 0.0 0.0 0.0 -0.08418 0.0 0.0
CAV_ERROR[289] 0.0 0.0 0.0 0.0 0.0 -1.0301 0.0 0.0
CAV_ERROR[291] 0.0 0.0 0.0 0.0 0.0 -1.43558 0.0 0.0
CAV_ERROR[293] 0.0 0.0 0.0 0.0 0.0 -0.95252 0.0 0.0
CAV_ERROR[300] 0.0 0.0 0.0 0.0 0.0 -1.04034 0.0 0.0
CAV_ERROR[302] 0.0 0.0 0.0 0.0 0.0 1.97108 0.0 0.0
CAV_ERROR[304] 0.0 0.0 0.0 0.0 0.0 -3.01091 0.0 0.0
CAV_ERROR[311] 0.0 0.0 0.0 0.0 0.0 -0.97645 0.0 0.0
CAV_ERROR[313] 0.0 0.0 0.0 0.0 0.0 1.70757 0.0 0.0
CAV_ERROR[315] 0.0 0.0 0.0 0.0 0.0 -2.45831 0.0 0.0
CAV_ERROR[322] 0.0 0.0 0.0 0.0 0.0 -0.52999 0.0 0.0
CAV_ERROR[324] 0.0 0.0 0.0 0.0 0.0 2.87676 0.0 0.0
CAV_ERROR[326] 0.0 0.0 0.0 0.0 0.0 3.90299 0.0 0.0
CAV_ERROR[355] 0.0 0.0 0.0 0.0 0.0 -1.82246 0.0 0.0
CAV_ERROR[357] 0.0 0.0 0.0 0.0 0.0 3.68906 0.0 0.0
CAV_ERROR[359] 0.0 0.0 0.0 0.0 0.0 -3.47751 0.0 0.0
CAV_ERROR[366] 0.0 0.0 0.0 0.0 0.0 0.30484 0.0 0.0
CAV_ERROR[368] 0.0 0.0 0.0 0.0 0.0 2.7727 0.0 0.0
CAV_ERROR[370] 0.0 0.0 0.0 0.0 0.0 -1.19178 0.0 0.0
CAV_ERROR[377] 0.0 0.0 0.0 0.0 0.0 3.55127 0.0 0.0
CAV_ERROR[379] 0.0 0.0 0.0 0.0 0.0 -3.35124 0.0 0.0
CAV_ERROR[381] 0.0 0.0 0.0 0.0 0.0 -1.82757 0.0 0.0
CAV_ERROR[388] 0.0 0.0 0.0 0.0 0.0 1.47544 0.0 0.0
CAV_ERROR[390] 0.0 0.0 0.0 0.0 0.0 -1.32223 0.0 0.0
CAV_ERROR[392] 0.0 0.0 0.0 0.0 0.0 -2.07631 0.0 0.0
CAV_ERROR[399] 0.0 0.0 0.0 0.0 0.0 -2.22649 0.0 0.0
CAV_ERROR[401] 0.0 0.0 0.0 0.0 0.0 -3.17983 0.0 0.0
CAV_ERROR[403] 0.0 0.0 0.0 0.0 0.0 0.51547 0.0 0.0
CAV_ERROR[410] 0.0 0.0 0.0 0.0 0.0 -1.97525 0.0 0.0
CAV_ERROR[412] 0.0 0.0 0.0 0.0 0.0 3.23314 0.0 0.0
CAV_ERROR[414] 0.0 0.0 0.0 0.0 0.0 -2.05196 0.0 0.0
